#chrom	pos	DESC	Normal	MY21m1	MY21m2	MY21m3	MY21m4
X	1	desc	0	0	0	0	0.101449275	
X	2	desc	0	0	0.346938776	0	0	
X	3	desc	0	0	0	0	0.358208955	
X	4	desc	0	0	0	0	0.229508197	
X	5	desc	0	0.306122449	0	0	0	
X	6	desc	0	0.460526316	0.448598131	0.44	0.543209877	
X	7	desc	0	0	0.326530612	0	0	
X	8	desc	0	0	0	0	0.085106383	
X	9	desc	0	0.382352941	0	0	0	
X	10	desc	0	0.017857143	0.375	0	0	
X	11	desc	0	0	0	0.172413793	0	
X	12	desc	0	0	0.033333333	0	0.078431373	
X	13	desc	0	0	0.293478261	0	0	
X	14	desc	0	0.408163265	0	0	0	
X	15	desc	0	0.375	0	0	0	
X	16	desc	0	0	0.012345679	0.422222222	0.192982456	
X	17	desc	0	0	0.281818182	0	0.020833333	
X	18	desc	0	0	0	0	0.301587302	
X	19	desc	0	0.327868852	0	0	0	
X	20	desc	0	0.366666667	0.49137931	0.46031746	0.413793103	
X	21	desc	0	0.03125	0.009259259	0.428571429	0.230769231	
X	22	desc	0	0.410714286	0	0	0	
X	23	desc	0	0	0.364583333	0	0	
X	24	desc	0	0	0.008403361	0.449275362	0.245614035	
X	25	desc	0	0	0	0	0.290322581	
X	26	desc	0	0	0	0	0.083333333	
X	27	desc	0	0	0	0	0.3125	
X	28	desc	0	0	0	0.285714286	0	
X	29	desc	0	0	0.385542169	0	0	
X	30	desc	0	0.453125	0.469387755	0.411764706	0.559322034	
X	31	desc	0	0.462962963	0	0	0	
X	32	desc	0	0	0.274725275	0	0	
X	33	desc	0	0.06122449	0	0	0	
X	34	desc	0	0.428571429	0.460869565	0.444444444	0.416666667	
X	35	desc	0	0.385964912	0.011764706	0	0.06557377	
X	36	desc	0	0.428571429	0.445652174	0.421052632	0.462686567	
X	37	desc	0	0.149253731	0.008695652	0	0	
X	38	desc	0	0.323943662	0	0	0	
X	39	desc	0	0	0	0	0.054054054	
X	40	desc	0	0	0	0	0.241935484	
X	41	desc	0	0	0	0	0.063829787	
X	42	desc	0	0	0.314285714	0	0	
X	43	desc	0	0	0	0	0.108695652	
X	44	desc	0	0	0	0.482142857	0	
X	45	desc	0	0	0.439252336	0	0	
X	46	desc	0	0	0	0.157894737	0	
X	47	desc	0	0	0.300813008	0	0	
X	48	desc	0	0.46875	0.483870968	0.470588235	0.612903226	
X	49	desc	0	0.446153846	0.38317757	0.473684211	0.428571429	
X	50	desc	0	0	0.010526316	0	0.264150943	
X	51	desc	0	0.408163265	0	0	0	
X	52	desc	0	0.55	0.35	0.482758621	0.448275862	
X	53	desc	0	0	0	0	0.346153846	
X	54	desc	0	0.351851852	0.445783133	0.46	0.38	
X	55	desc	0	0.017241379	0.025974026	0.392156863	0.397058824	
X	56	desc	0	0.563380282	0.489583333	0.276595745	0.523809524	
X	57	desc	0	0.509803922	0.344827586	0.351851852	0.371428571	
X	58	desc	0	0.345454545	0	0	0	
X	59	desc	0	0.434210526	0.483050847	0.397058824	0.278688525	
X	60	desc	0	0	0.313131313	0	0	
X	61	desc	0	0	0.326530612	0	0	
X	62	desc	0	0	0	0	0.090909091	
X	63	desc	0	0.318181818	0	0	0	
X	64	desc	0	0	0.37037037	0	0	
X	65	desc	0	0	0	0.473684211	0	
X	66	desc	0	0.018181818	0.054794521	0	0	
X	67	desc	0	0.070175439	0	0	0	
X	68	desc	0	0	0	0.309090909	0	
X	69	desc	0	0	0	0	0.074626866	
X	70	desc	0	0.465753425	0.5	0.461538462	0.433962264	
X	71	desc	0	0.521126761	0.346534653	0.348484848	0.383333333	
X	72	desc	0	0	0.055555556	0	0	
X	73	desc	0	0	0.367924528	0	0	
X	74	desc	0	0	0	0	0.365384615	
X	75	desc	0	0.5	0	0	0	
X	76	desc	0	0.061538462	0	0	0	
X	77	desc	0	0	0	0	0.056338028	
X	78	desc	0	0	0	0	0.140625	
X	79	desc	0	0	0	0	0.083333333	
X	80	desc	0	0	0	0	0.090909091	
X	81	desc	0	0	0	0	0.298507463	
X	82	desc	0	0.368421053	0	0	0	
X	83	desc	0	0	0	0	0.273972603	
X	84	desc	0	0.484375	0.040650407	0.46	0.431372549	
X	85	desc	0	0.571428571	0.443181818	0.388888889	0.387096774	
X	86	desc	0	0	0.311320755	0	0	
X	87	desc	0	0.410714286	0.353658537	0.37037037	0.444444444	
X	88	desc	0	0	0.315789474	0	0	
X	89	desc	0	0.378378378	0.5	0.376811594	0.420289855	
X	90	desc	0	0	0	0.413043478	0	
X	91	desc	0	0	0.31496063	0	0	
X	92	desc	0	0.347826087	0	0.016393443	0	
X	93	desc	0	0	0	0.088888889	0	
X	94	desc	0	0	0	0.064516129	0	
X	95	desc	0	0	0	0.434782609	0	
X	96	desc	0	0	0	0	0.070175439	
X	97	desc	0	0.328358209	0	0	0	
X	98	desc	0	0	0	0.474576271	0	
X	99	desc	0	0.455882353	0	0	0	
X	100	desc	0	0.404255319	0.041666667	0	0.054545455	
X	101	desc	0	0.403508772	0.49	0.306122449	0.555555556	
X	102	desc	0	0	0.094736842	0	0	
X	103	desc	0	0	0.411764706	0	0	
X	104	desc	0	0.520547945	0.373831776	0.472727273	0.482142857	
X	105	desc	0	0	0.267605634	0	0	
X	106	desc	0	0.018518519	0.371900826	0	0	
X	107	desc	0	0.388059701	0.435185185	0.49122807	0.438202247	
X	108	desc	0	0	0	0.339285714	0	
X	109	desc	0	0	0	0	0.127659574	
X	110	desc	0	0	0.009345794	0.47761194	0.263157895	
X	111	desc	0	0	0	0	0.059701493	
X	112	desc	0	0	0	0.407407407	0	
X	113	desc	0	0	0	0.383561644	0.324324324	
X	114	desc	0	0	0	0.351851852	0	
X	115	desc	0	0	0.011627907	0.433333333	0	
X	116	desc	0	0.476190476	0.419642857	0.47826087	0.346938776	
X	117	desc	0	0	0.289719626	0	0	
X	118	desc	0	0	0.035087719	0.406779661	0.346153846	
X	119	desc	0	0	0	0.375	0	
X	120	desc	0	0	0	0	0.082191781	
X	121	desc	0	0.488636364	0	0	0	
X	122	desc	0	0	0.285714286	0	0	
X	123	desc	0	0	0	0.0625	0	
X	124	desc	0	0	0	0.083333333	0	
X	125	desc	0	0	0	0	0.213114754	
X	126	desc	0	0	0.306818182	0	0	
X	127	desc	0	0	0.157894737	0	0	
X	128	desc	0	0	0.012658228	0.333333333	0.418181818	
X	129	desc	0	0	0	0.348837209	0	
X	130	desc	0	0	0.028571429	0.235294118	0.288461538	
X	131	desc	0	0	0.405940594	0	0	
X	132	desc	0	0.415384615	0	0	0	
X	133	desc	0	0.425531915	0	0	0	
X	134	desc	0	0.35483871	0	0	0	
X	135	desc	0	0	0	0	0.285714286	
X	136	desc	0	0.351851852	0	0	0	
X	137	desc	0	0	0.010416667	0	0.094339623	
X	138	desc	0	0	0	0.291666667	0	
X	139	desc	0	0	0.011111111	0	0.215686275	
X	140	desc	0	0	0	0	0.078431373	
X	141	desc	0	0	0.06097561	0	0	
X	142	desc	0	0	0.315789474	0	0	
X	143	desc	0	0	0.012658228	0.5	0.177777778	
X	144	desc	0	0.483333333	0.337837838	0.307692308	0.540983607	
X	145	desc	0	0	0.257142857	0	0	
X	146	desc	0	0.344827586	0	0	0	
X	147	desc	0	0	0	0.333333333	0	
X	148	desc	0	0	0.345238095	0	0	
X	149	desc	0	0.36	0	0	0	
X	150	desc	0	0	0.360465116	0	0	
X	151	desc	0	0.480519481	0.546511628	0.436363636	0.551724138	
X	152	desc	0	0.397058824	0.488888889	0.459016393	0.441176471	
X	153	desc	0	0	0	0	0.130434783	
X	154	desc	0	0	0.372881356	0	0.016129032	
X	155	desc	0	0	0.008849558	0	0.075471698	
X	156	desc	0	0	0.072164948	0	0	
X	157	desc	0	0	0.346153846	0	0	
X	158	desc	0	0	0	0.4	0	
X	159	desc	0	0.06557377	0	0	0	
X	160	desc	0	0	0.061946903	0	0	
X	161	desc	0	0.678571429	0.353658537	0.457627119	0.491525424	
X	162	desc	0	0.395833333	0.459183673	0.292682927	0.380952381	
X	163	desc	0	0	0.045977011	0	0	
X	164	desc	0	0.017241379	0	0.328767123	0	
X	165	desc	0	0	0.067307692	0	0	
X	166	desc	0	0.411764706	0	0	0	
X	167	desc	0	0.459016393	0.009259259	0	0	
X	168	desc	0	0	0.377358491	0	0	
X	169	desc	0	0.456521739	0.423076923	0.37254902	0.5	
X	170	desc	0	0.428571429	0.480392157	0.35483871	0.472972973	
X	171	desc	0	0.283333333	0	0	0	
X	172	desc	0	0	0.010526316	0.425531915	0.318181818	
X	173	desc	0	0	0	0.156862745	0	
X	174	desc	0	0.491525424	0.316455696	0.4	0.421875	
X	175	desc	0	0	0.260416667	0	0	
X	176	desc	0	0.365079365	0	0	0	
X	177	desc	0	0	0	0	0.06122449	
X	178	desc	0	0	0.357142857	0.015151515	0	
X	179	desc	0	0.296875	0	0	0	
X	180	desc	0	0	0	0.431818182	0	
X	181	desc	0	0.12962963	0	0	0	
X	182	desc	0	0	0	0	0.304347826	
X	183	desc	0	0	0.316666667	0	0	
X	184	desc	0	0	0.008403361	0.465753425	0	
X	185	desc	0	0	0.5	0	0	
X	186	desc	0	0	0.009259259	0	0.105263158	
X	187	desc	0	0	0	0	0.071428571	
X	188	desc	0	0	0.009174312	0	0.313432836	
X	189	desc	0	0	0	0.358208955	0	
X	190	desc	0	0	0.358695652	0	0	
X	191	desc	0	0	0	0	0.068965517	
X	192	desc	0	0	0.32	0	0	
X	193	desc	0	0	0.346534653	0	0	
X	194	desc	0	0.456140351	0.445945946	0.317073171	0.359375	
X	195	desc	0	0.491803279	0	0	0	
X	196	desc	0	0.014492754	0.00990099	0.306451613	0.382352941	
X	197	desc	0	0.469387755	0.444444444	0.491803279	0.5	
X	198	desc	0	0	0.086538462	0	0	
X	199	desc	0	0	0.287128713	0	0	
X	200	desc	0	0	0	0	0.06122449	
X	201	desc	0	0.372881356	0.352941176	0.510204082	0.431034483	
X	202	desc	0	0	0	0.333333333	0	
X	203	desc	0	0.442307692	0.433333333	0.551020408	0.476190476	
X	204	desc	0	0	0.047244094	0	0	
X	205	desc	0	0.081632653	0	0	0	
X	206	desc	0	0.396226415	0.417322835	0.491525424	0.385964912	
X	207	desc	0	0	0	0	0.412698413	
X	208	desc	0	0.028169014	0.010638298	0.44	0.306451613	
X	209	desc	0	0.58490566	0.479674797	0.459016393	0.518518519	
X	210	desc	0	0.349206349	0.473684211	0.44	0.44	
X	211	desc	0	0.027777778	0.011764706	0	0.057971014	
X	212	desc	0	0	0.009433962	0.314814815	0.446428571	
X	213	desc	0	0.272727273	0	0	0	
X	214	desc	0	0.333333333	0	0	0	
X	215	desc	0	0	0.379310345	0	0	
X	216	desc	0	0	0	0	0.065217391	
X	217	desc	0	0.333333333	0.023809524	0	0.058823529	
X	218	desc	0	0.018867925	0	0	0.074626866	
X	219	desc	0	0.066666667	0	0	0	
X	220	desc	0	0.471428571	0.405063291	0.590909091	0.387096774	
X	221	desc	0	0	0	0.352941176	0	
X	222	desc	0	0	0	0.338461538	0	
X	223	desc	0	0	0	0.368421053	0.323943662	
X	224	desc	0	0	0	0.424242424	0	
X	225	desc	0	0.407894737	0.462264151	0.523809524	0.46031746	
X	226	desc	0	0.01369863	0.348214286	0	0	
X	227	desc	0	0.338709677	0.353448276	0.452830189	0.492307692	
X	228	desc	0	0.346153846	0	0	0	
X	229	desc	0	0.264705882	0	0	0	
X	230	desc	0	0	0	0.476190476	0	
X	231	desc	0	0	0.388349515	0	0	
X	232	desc	0	0.096774194	0	0	0	
X	233	desc	0	0	0.043010753	0	0	
X	234	desc	0	0.379310345	0	0	0	
X	235	desc	0	0.351851852	0.398148148	0.456140351	0.537037037	
X	236	desc	0	0	0	0.264150943	0	
X	237	desc	0	0.078125	0	0	0	
X	238	desc	0	0.423076923	0.479452055	0.5	0.317073171	
X	239	desc	0	0	0.333333333	0	0	
X	240	desc	0	0	0.318681319	0	0	
X	241	desc	0	0.45	0.411764706	0.396226415	0.387096774	
X	242	desc	0	0	0	0.016666667	0.240740741	
X	243	desc	0	0.078431373	0	0	0.016393443	
X	244	desc	0	0.465753425	0	0	0	
X	245	desc	0	0.444444444	0.342857143	0.35	0.425	
X	246	desc	0	0.076923077	0	0	0	
X	247	desc	0	0.425925926	0.422222222	0.288888889	0.489361702	
X	248	desc	0	0	0	0	0.084745763	
X	249	desc	0	0	0	0	0.360655738	
X	250	desc	0	0	0.336734694	0	0	
X	251	desc	0	0	0.009803922	0.393442623	0.361445783	
X	252	desc	0	0.394736842	0.526315789	0.280701754	0.485714286	
X	253	desc	0	0	0	0	0.25	
X	254	desc	0	0	0	0	0.323943662	
X	255	desc	0	0	0	0	0.087719298	
X	256	desc	0	0.378378378	0.386666667	0.490566038	0.534883721	
X	257	desc	0	0.455882353	0	0	0	
X	258	desc	0	0	0.326732673	0	0	
X	259	desc	0	0.543478261	0.413333333	0.324324324	0.375	
X	260	desc	0	0.341463415	0	0	0.016393443	
X	261	desc	0	0.424242424	0.412844037	0.333333333	0.511111111	
X	262	desc	0	0.452380952	0.347222222	0.340909091	0.510204082	
X	263	desc	0	0	0.357798165	0	0	
X	264	desc	0	0.02	0	0.392156863	0	
X	265	desc	0	0	0	0	0.103448276	
X	266	desc	0	0	0	0.459016393	0	
X	267	desc	0	0.5	0.410071942	0.319444444	0.382352941	
X	268	desc	0	0	0.384615385	0	0	
X	269	desc	0	0.262295082	0.010752688	0	0.107692308	
X	270	desc	0	0	0.408602151	0	0	
X	271	desc	0	0	0	0.118644068	0	
X	272	desc	0	0.306122449	0.395348837	0.348837209	0.490566038	
X	273	desc	0	0.328767123	0.445652174	0.436363636	0.490566038	
X	274	desc	0	0	0.010526316	0.28	0.275862069	
X	275	desc	0	0.515151515	0.423913043	0.339285714	0.492537313	
X	276	desc	0	0	0	0.333333333	0	
X	277	desc	0	0.534883721	0.441558442	0.477272727	0.5	
X	278	desc	0	0.372881356	0.384615385	0.466666667	0.5	
X	279	desc	0	0	0.306818182	0	0	
X	280	desc	0	0.449275362	0.484848485	0.294117647	0.373134328	
X	281	desc	0	0	0	0	0.307692308	
X	282	desc	0	0.434782609	0	0	0	
X	283	desc	0	0	0.376237624	0	0	
X	284	desc	0	0.425	0	0	0	
X	285	desc	0	0.5	0.511627907	0.444444444	0.444444444	
X	286	desc	0	0.5	0.011627907	0.433962264	0.462962963	
X	287	desc	0	0	0.010869565	0	0.069767442	
X	288	desc	0	0.015625	0	0.389830508	0	
X	289	desc	0	0.485294118	0.424242424	0.394366197	0.358490566	
X	290	desc	0	0	0.421052632	0	0	
X	291	desc	0	0	0.326530612	0	0	
X	292	desc	0	0.382978723	0.495049505	0.351851852	0.36	
X	293	desc	0	0	0	0	0.32	
X	294	desc	0	0	0.306306306	0	0	
X	295	desc	0	0	0	0.318181818	0	
X	296	desc	0	0.346938776	0.429824561	0.37704918	0.426229508	
X	297	desc	0	0.355555556	0.418181818	0.4	0.409836066	
X	298	desc	0	0	0	0	0.058823529	
X	299	desc	0	0	0	0	0.161290323	
X	300	desc	0	0	0	0	0.301886792	
X	301	desc	0	0.023809524	0.020408163	0.434782609	0.365384615	
X	302	desc	0	0	0.377777778	0	0	
X	303	desc	0	0.013513514	0.020408163	0	0.06779661	
X	304	desc	0	0.066666667	0	0	0	
X	305	desc	0	0.569230769	0.5	0.462686567	0.435483871	
X	306	desc	0	0	0	0	0.08	
X	307	desc	0	0	0.078125	0	0	
X	308	desc	0	0.418604651	0.41	0.326086957	0.333333333	
X	309	desc	0	0.373134328	0	0	0	
X	310	desc	0	0.378787879	0.461538462	0.454545455	0.475409836	
X	311	desc	0	0	0	0.117647059	0	
X	312	desc	0	0.582089552	0.35483871	0.471698113	0.40625	
X	313	desc	0	0	0.303030303	0	0	
X	314	desc	0	0	0	0.447368421	0.183673469	
X	315	desc	0	0.365079365	0	0	0	
X	316	desc	0	0	0	0	0.271428571	
X	317	desc	0	0.018867925	0.009615385	0.35	0.413043478	
X	318	desc	0	0.5	0	0	0	
X	319	desc	0	0	0	0.390243902	0	
X	320	desc	0	0	0.329545455	0	0	
X	321	desc	0	0	0	0	0.357142857	
X	322	desc	0	0.018518519	0	0	0.092592593	
X	323	desc	0	0.06	0	0	0	
X	324	desc	0	0.410714286	0	0	0	
X	325	desc	0	0	0.018691589	0	0.0625	
X	326	desc	0	0	0.275862069	0	0	
X	327	desc	0	0	0.306306306	0	0	
X	328	desc	0	0.013513514	0.00862069	0	0.098591549	
X	329	desc	0	0	0	0.265306122	0	
X	330	desc	0	0	0	0	0.274509804	
X	331	desc	0	0	0.357142857	0	0	
X	332	desc	0	0.019607843	0	0	0.070422535	
X	333	desc	0	0.453125	0.022988506	0.017241379	0.133333333	
X	334	desc	0	0	0	0.382978723	0	
X	335	desc	0	0	0	0.418181818	0	
X	336	desc	0	0	0	0	0.105263158	
X	337	desc	0	0	0	0	0.089552239	
X	338	desc	0	0	0.333333333	0.015151515	0.014285714	
X	339	desc	0	0.016949153	0	0.285714286	0	
X	340	desc	0	0.02	0	0	0.078125	
X	341	desc	0	0	0.254716981	0	0	
X	342	desc	0	0	0.01	0	0.344827586	
X	343	desc	0	0.458333333	0.480769231	0.419354839	0.412698413	
X	344	desc	0	0	0	0	0.347222222	
X	345	desc	0	0.50877193	0.401869159	0.431034483	0.352112676	
X	346	desc	0	0.37704918	0.403508772	0.423728814	0.318181818	
X	347	desc	0	0.453125	0.504587156	0.489361702	0.408163265	
X	348	desc	0	0	0	0	0.344262295	
X	349	desc	0	0	0.340659341	0	0	
X	350	desc	0	0.067567568	0	0	0	
X	351	desc	0	0.371794872	0	0	0	
X	352	desc	0	0.390625	0	0	0	
X	353	desc	0	0.375	0.008928571	0	0	
X	354	desc	0	0	0	0	0.393442623	
X	355	desc	0	0.307692308	0.423913043	0.5	0.246153846	
X	356	desc	0	0.473684211	0.463157895	0.452380952	0.508474576	
X	357	desc	0	0.380952381	0	0.021276596	0	
X	358	desc	0	0	0	0.428571429	0	
X	359	desc	0	0	0.35483871	0	0	
X	360	desc	0	0	0	0	0.230769231	
X	361	desc	0	0.098591549	0	0	0.015873016	
X	362	desc	0	0	0	0.142857143	0	
X	363	desc	0	0	0.027027027	0.541666667	0.417910448	
X	364	desc	0	0.35	0	0	0	
X	365	desc	0	0	0.292929293	0	0	
X	366	desc	0	0.358490566	0.00990099	0	0	
X	367	desc	0	0.116666667	0	0	0.013513514	
X	368	desc	0	0	0.355555556	0	0	
X	369	desc	0	0	0	0	0.133333333	
X	370	desc	0	0.4	0	0	0	
X	371	desc	0	0	0.057471264	0	0.045454545	
X	372	desc	0	0.434782609	0.388429752	0.379310345	0.463768116	
X	373	desc	0	0	0.018348624	0	0.116666667	
X	374	desc	0	0.121212121	0	0	0	
X	375	desc	0	0	0.007142857	0.436363636	0.274509804	
X	376	desc	0	0	0	0	0.092592593	
X	377	desc	0	0.327868852	0	0	0	
X	378	desc	0	0	0	0	0.283333333	
X	379	desc	0	0	0	0	0.079365079	
X	380	desc	0	0	0.009615385	0.276595745	0	
X	381	desc	0	0	0.350515464	0	0	
X	382	desc	0	0	0	0.44	0	
X	383	desc	0	0	0	0.243243243	0	
X	384	desc	0	0	0.423076923	0	0.013888889	
X	385	desc	0	0.388888889	0.460784314	0.431372549	0.416666667	
X	386	desc	0	0	0.326530612	0	0	
X	387	desc	0	0	0.060240964	0	0	
X	388	desc	0	0	0.390804598	0	0	
X	389	desc	0	0	0.35106383	0.017857143	0	
X	390	desc	0	0.017241379	0.044444444	0.436363636	0.288888889	
X	391	desc	0	0	0.0125	0.375	0.241935484	
X	392	desc	0	0	0.333333333	0	0	
X	393	desc	0	0	0.4	0	0	
X	394	desc	0	0.153846154	0	0	0	
X	395	desc	0	0.430555556	0.486238532	0.320754717	0.459016393	
X	396	desc	0	0	0.007692308	0.465517241	0	
X	397	desc	0	0.109375	0	0	0	
X	398	desc	0	0.431372549	0	0	0	
X	399	desc	0	0	0.037037037	0	0.238095238	
X	400	desc	0	0.379310345	0	0.018867925	0	
X	401	desc	0	0	0	0	0.414634146	
X	402	desc	0	0	0.351851852	0	0	
X	403	desc	0	0	0	0.489361702	0	
X	404	desc	0	0.46031746	0.387096774	0.388888889	0.461538462	
X	405	desc	0	0.352941176	0	0	0	
X	406	desc	0	0	0.011363636	0	0.089285714	
X	407	desc	0	0	0	0	0.092592593	
X	408	desc	0	0.439393939	0	0	0	
X	409	desc	0	0.101694915	0	0	0	
X	410	desc	0	0	0.306818182	0	0	
X	411	desc	0	0	0	0.078431373	0	
X	412	desc	0	0.016666667	0.365591398	0	0	
X	413	desc	0	0	0.068181818	0	0	
X	414	desc	0	0.5	0.455555556	0.571428571	0.301587302	
X	415	desc	0	0	0.189189189	0	0	
X	416	desc	0	0.146341463	0	0	0	
X	417	desc	0	0	0.058823529	0	0	
X	418	desc	0	0.461538462	0.489361702	0.365853659	0.344262295	
X	419	desc	0	0	0.333333333	0	0	
X	420	desc	0	0.441860465	0	0	0	
X	421	desc	0	0.303571429	0	0	0	
X	422	desc	0	0.133333333	0	0	0	
X	423	desc	0	0	0.258823529	0	0	
X	424	desc	0	0.301587302	0	0	0	
X	425	desc	0	0	0	0.492537313	0	
X	426	desc	0	0.385714286	0	0.016129032	0	
X	427	desc	0	0.310344828	0	0	0	
X	428	desc	0	0.444444444	0	0	0	
X	429	desc	0	0.259259259	0.309090909	0.464285714	0.423728814	
X	430	desc	0	0	0	0.148148148	0	
X	431	desc	0	0	0.263157895	0	0	
X	432	desc	0	0.508196721	0.419753086	0.348837209	0.386363636	
X	433	desc	0	0.277777778	0	0	0	
X	434	desc	0	0	0.308219178	0	0	
X	435	desc	0	0.303571429	0.025974026	0	0.078125	
X	436	desc	0	0.5	0.494505495	0.4	0.433333333	
X	437	desc	0	0	0	0.511627907	0	
X	438	desc	0	0.465517241	0.52173913	0.47826087	0.393442623	
X	439	desc	0	0	0	0	0.079365079	
X	440	desc	0	0.390625	0.434108527	0.409836066	0.475409836	
X	441	desc	0	0	0	0	0.191780822	
X	442	desc	0	0	0.397727273	0	0	
X	443	desc	0	0.511627907	0	0	0	
X	444	desc	0	0	0	0	0.246153846	
X	445	desc	0	0	0	0	0.339622642	
X	446	desc	0	0	0	0.403225806	0	
X	447	desc	0	0	0	0	0.32	
X	448	desc	0	0	0	0.152173913	0	
X	449	desc	0	0	0	0	0.09375	
X	450	desc	0	0.340425532	0.342105263	0.304347826	0.325581395	
X	451	desc	0	0	0	0	0.089285714	
X	452	desc	0	0	0	0	0.083333333	
X	453	desc	0	0	0	0	0.333333333	
X	454	desc	0	0	0	0.065217391	0	
X	455	desc	0	0	0	0.287878788	0	
X	456	desc	0	0	0.333333333	0	0	
X	457	desc	0	0.014925373	0.349056604	0	0	
X	458	desc	0	0.119047619	0	0	0	
X	459	desc	0	0.015625	0	0.322580645	0.21875	
X	460	desc	0	0	0	0	0.34	
X	461	desc	0	0	0.350877193	0	0	
X	462	desc	0	0.421052632	0.418367347	0.411764706	0.407407407	
X	463	desc	0	0	0	0.057142857	0	
X	464	desc	0	0.015151515	0	0	0.068493151	
X	465	desc	0	0	0	0	0.181818182	
X	466	desc	0	0.4	0.481012658	0.395348837	0.425531915	
X	467	desc	0	0	0	0.063492063	0	
X	468	desc	0	0.409836066	0.012048193	0	0.195652174	
X	469	desc	0	0.490196078	0.03539823	0.018518519	0.06122449	
X	470	desc	0	0	0	0.25	0	
X	471	desc	0	0	0	0	0.301369863	
X	472	desc	0	0.385714286	0	0	0	
X	473	desc	0	0	0	0.294117647	0	
X	474	desc	0	0.442307692	0.361702128	0.325581395	0.545454545	
X	475	desc	0	0.442622951	0.357142857	0.385964912	0.391304348	
X	476	desc	0	0.456140351	0.450549451	0.423076923	0.382978723	
X	477	desc	0	0	0.327272727	0	0	
X	478	desc	0	0.388888889	0.369565217	0.426229508	0.462686567	
X	479	desc	0	0.017241379	0.019417476	0.529411765	0.418181818	
X	480	desc	0	0.053333333	0	0	0	
X	481	desc	0	0.410958904	0.020408163	0.3125	0.516666667	
X	482	desc	0	0.473684211	0.388235294	0.340909091	0.483870968	
X	483	desc	0	0.417910448	0.395348837	0.379310345	0.358490566	
X	484	desc	0	0	0	0.392857143	0	
X	485	desc	0	0.208333333	0	0	0	
X	486	desc	0	0.413043478	0.371134021	0.423076923	0.476190476	
X	487	desc	0	0.416666667	0	0	0	
X	488	desc	0	0.352941176	0	0	0	
X	489	desc	0	0.484375	0.488888889	0.36	0.52238806	
X	490	desc	0	0	0.282828283	0	0.01754386	
X	491	desc	0	0	0	0.294117647	0	
X	492	desc	0	0.078431373	0	0	0	
X	493	desc	0	0	0	0	0.079365079	
X	494	desc	0	0	0.394736842	0	0	
X	495	desc	0	0	0	0	0.431818182	
X	496	desc	0	0	0.019607843	0	0.058823529	
X	497	desc	0	0.46875	0.490740741	0.34375	0.389830508	
X	498	desc	0	0	0.053571429	0	0	
X	499	desc	0	0.323943662	0.367924528	0.366666667	0.346153846	
X	500	desc	0	0	0	0.34	0	
X	501	desc	0	0	0	0	0.333333333	
X	502	desc	0	0.389830508	0	0	0	
X	503	desc	0	0	0	0.0625	0	
X	504	desc	0	0	0	0.302325581	0	
X	505	desc	0	0.456790123	0.426829268	0.441558442	0.460526316	
X	506	desc	0	0	0	0.109589041	0	
X	507	desc	0	0	0.009803922	0.412698413	0.25	
X	508	desc	0	0.018181818	0.013157895	0.32	0.315789474	
X	509	desc	0	0.517857143	0.339285714	0.612244898	0.5	
X	510	desc	0	0.020408163	0.361445783	0	0	
X	511	desc	0	0	0	0	0.333333333	
X	512	desc	0	0.092307692	0	0	0	
X	513	desc	0	0	0	0	0.066666667	
X	514	desc	0	0.017857143	0	0.355932203	0	
X	515	desc	0	0	0	0.4375	0	
X	516	desc	0	0.381818182	0	0	0	
X	517	desc	0	0	0	0	0.137254902	
X	518	desc	0	0.388888889	0	0.02	0	
X	519	desc	0	0.396825397	0.378947368	0.483870968	0.393442623	
X	520	desc	0	0	0	0.384615385	0	
X	521	desc	0	0	0.12987013	0	0	
X	522	desc	0	0.470588235	0.37037037	0.367647059	0.48	
X	523	desc	0	0	0	0	0.113207547	
X	524	desc	0	0	0.351351351	0	0	
X	525	desc	0	0.560606061	0.420560748	0.455882353	0.473684211	
X	526	desc	0	0	0	0	0.085714286	
X	527	desc	0	0.052631579	0.034883721	0.4375	0.315789474	
X	528	desc	0	0.673913043	0.438356164	0.418604651	0.466666667	
X	529	desc	0	0	0.381818182	0	0	
X	530	desc	0	0	0	0	0.160714286	
X	531	desc	0	0	0.306306306	0	0	
X	532	desc	0	0	0.408602151	0	0	
X	533	desc	0	0	0	0	0.25862069	
X	534	desc	0	0.018867925	0	0.483870968	0	
X	535	desc	0	0	0	0.379310345	0	
X	536	desc	0	0.410714286	0.012195122	0.019607843	0	
X	537	desc	0	0	0	0.071428571	0	
X	538	desc	0	0	0	0.26984127	0	
X	539	desc	0	0	0	0	0.086206897	
X	540	desc	0	0	0.049382716	0	0	
X	541	desc	0	0	0	0	0.345454545	
X	542	desc	0	0	0.339805825	0	0	
X	543	desc	0	0	0.036697248	0.379310345	0.285714286	
X	544	desc	0	0	0	0	0.058823529	
X	545	desc	0	0.426229508	0.394495413	0.5	0.549019608	
X	546	desc	0	0.352941176	0.409090909	0.4	0.480769231	
X	547	desc	0	0	0	0	0.338461538	
X	548	desc	0	0	0.060240964	0	0	
X	549	desc	0	0	0.022222222	0.485294118	0.277777778	
X	550	desc	0	0	0	0	0.245614035	
X	551	desc	0	0.55	0.373831776	0.490196078	0.535714286	
X	552	desc	0	0.475409836	0	0	0.018518519	
X	553	desc	0	0	0	0	0.054794521	
X	554	desc	0	0	0.011111111	0.340909091	0.360655738	
X	555	desc	0	0	0.029411765	0.02	0.243243243	
X	556	desc	0	0	0.333333333	0	0	
X	557	desc	0	0.06122449	0	0	0	
X	558	desc	0	0	0.04494382	0	0	
X	559	desc	0	0	0	0.333333333	0	
X	560	desc	0	0.345454545	0	0	0.058823529	
X	561	desc	0	0.421052632	0.438202247	0.448979592	0.441176471	
X	562	desc	0	0.457142857	0.076923077	0.385964912	0.517241379	
X	563	desc	0	0	0	0.418181818	0	
X	564	desc	0	0.4	0	0	0	
X	565	desc	0	0	0.065934066	0	0	
X	566	desc	0	0	0.009615385	0	0.338028169	
X	567	desc	0	0	0.344262295	0.016129032	0	
X	568	desc	0	0.425531915	0.388888889	0.413793103	0.477272727	
X	569	desc	0	0.037735849	0.025641026	0.467741935	0.339285714	
X	570	desc	0	0	0.037974684	0.434782609	0.307692308	
X	571	desc	0	0	0	0.38	0	
X	572	desc	0	0	0	0	0.322033898	
X	573	desc	0	0	0.008	0	0.109090909	
X	574	desc	0	0.054545455	0.049019608	0.418918919	0.283783784	
X	575	desc	0	0.380952381	0.402173913	0.352941176	0.35	
X	576	desc	0	0	0.04950495	0.4	0.368421053	
X	577	desc	0	0.46031746	0.4375	0.345454545	0.407407407	
X	578	desc	0	0.4	0.378640777	0.46	0.450980392	
X	579	desc	0	0.41025641	0	0	0	
X	580	desc	0	0.470588235	0.4	0.46875	0.466666667	
X	581	desc	0	0	0.325842697	0	0	
X	582	desc	0	0.411764706	0	0	0	
X	583	desc	0	0.566037736	0.386792453	0.383333333	0.473684211	
X	584	desc	0	0	0.314285714	0	0	
X	585	desc	0	0	0.31372549	0	0	
X	586	desc	0	0	0.360824742	0	0	
X	587	desc	0	0.4	0.494382022	0.458333333	0.509803922	
X	588	desc	0	0.492063492	0.460674157	0.397058824	0.52173913	
X	589	desc	0	0	0.118811881	0	0	
X	590	desc	0	0	0	0.381818182	0	
X	591	desc	0	0.513888889	0.402298851	0.431372549	0.229166667	
X	592	desc	0	0	0.31	0.01754386	0	
X	593	desc	0	0	0	0.220588235	0	
X	594	desc	0	0.321428571	0	0	0	
X	595	desc	0	0.564516129	0.375	0.413793103	0.555555556	
X	596	desc	0	0	0	0	0.051282051	
X	597	desc	0	0.426229508	0.404255319	0.361111111	0.392857143	
X	598	desc	0	0.384615385	0.427272727	0.545454545	0.5	
X	599	desc	0	0	0.050847458	0	0	
X	600	desc	0	0	0	0.433962264	0	
X	601	desc	0	0	0	0	0.318181818	
X	602	desc	0	0.325	0	0	0	
X	603	desc	0	0.42	0	0	0	
X	604	desc	0	0	0.342857143	0	0	
X	605	desc	0	0.337837838	0	0.019230769	0	
X	606	desc	0	0.397260274	0.44	0.476190476	0.45	
X	607	desc	0	0	0	0	0.065217391	
X	608	desc	0	0.459016393	0.376237624	0.397058824	0.490909091	
X	609	desc	0	0.092307692	0	0	0	
X	610	desc	0	0	0	0	0.253164557	
X	611	desc	0	0	0.043859649	0	0	
X	612	desc	0	0	0	0.014705882	0.102040816	
X	613	desc	0	0.465517241	0	0	0	
X	614	desc	0	0.053333333	0	0	0	
X	615	desc	0	0	0.009090909	0.220588235	0	
X	616	desc	0	0.03030303	0.034782609	0.350649351	0.301204819	
X	617	desc	0	0.4	0	0	0	
X	618	desc	0	0.016949153	0.011111111	0	0.079365079	
X	619	desc	0	0.4	0.010989011	0	0.022222222	
X	620	desc	0	0	0	0.333333333	0	
X	621	desc	0	0	0	0	0.074626866	
X	622	desc	0	0	0	0	0.181818182	
X	623	desc	0	0	0	0.09375	0	
X	624	desc	0	0	0	0	0.38	
X	625	desc	0	0.406779661	0.431372549	0.379310345	0.389830508	
X	626	desc	0	0.46875	0.413793103	0.465517241	0.448979592	
X	627	desc	0	0	0	0	0.288461538	
X	628	desc	0	0	0	0	0.272727273	
X	629	desc	0	0.03030303	0.019417476	0.406779661	0.442857143	
X	630	desc	0	0	0	0	0.255813953	
X	631	desc	0	0	0.303278689	0	0	
X	632	desc	0	0	0	0.607142857	0	
X	633	desc	0	0	0	0	0.274193548	
X	634	desc	0	0	0	0	0.063829787	
X	635	desc	0	0	0	0	0.359375	
X	636	desc	0	0.5	0.425925926	0.365384615	0.413793103	
X	637	desc	0	0	0.01010101	0.428571429	0.507936508	
X	638	desc	0	0	0.302752294	0	0	
X	639	desc	0	0	0.009803922	0	0.06557377	
X	640	desc	0	0	0	0.065217391	0	
X	641	desc	0	0	0	0	0.276923077	
X	642	desc	0	0.018181818	0.012987013	0	0.123287671	
X	643	desc	0	0	0.044642857	0	0	
X	644	desc	0	0.480769231	0.010204082	0	0.101694915	
X	645	desc	0	0	0.405660377	0	0	
X	646	desc	0	0	0	0.076923077	0	
X	647	desc	0	0.338983051	0	0	0	
X	648	desc	0	0	0.013333333	0.365079365	0.290909091	
X	649	desc	0	0	0	0	0.25	
X	650	desc	0	0	0.051282051	0	0	
X	651	desc	0	0	0	0	0.232142857	
X	652	desc	0	0.016129032	0	0	0.37254902	
X	653	desc	0	0.016393443	0.011904762	0.309090909	0.4	
X	654	desc	0	0.419354839	0.409090909	0.322580645	0.413793103	
X	655	desc	0	0	0.175925926	0	0	
X	656	desc	0	0.271428571	0	0	0	
X	657	desc	0	0	0.11627907	0	0	
X	658	desc	0	0.389830508	0	0	0	
X	659	desc	0	0	0	0	0.339285714	
X	660	desc	0	0.381578947	0.032	0	0.08	
X	661	desc	0	0	0.266666667	0	0	
X	662	desc	0	0.017857143	0.015151515	0.415384615	0.226415094	
X	663	desc	0	0	0.007874016	0	0.056338028	
X	664	desc	0	0	0.392156863	0	0.015873016	
X	665	desc	0	0.449275362	0.413461538	0.333333333	0.347826087	
X	666	desc	0	0	0.278350515	0	0	
X	667	desc	0	0	0	0	0.102564103	
X	668	desc	0	0	0	0.2	0.477272727	
X	669	desc	0	0.384615385	0.469387755	0.413793103	0.360655738	
X	670	desc	0	0	0.355555556	0	0	
X	671	desc	0	0.454545455	0.461538462	0.43902439	0.411764706	
X	672	desc	0	0.342105263	0	0	0	
X	673	desc	0	0.414285714	0.4	0.492537313	0.452830189	
X	674	desc	0	0	0.011494253	0	0.333333333	
X	675	desc	0	0.317460317	0.43	0.52	0.479166667	
X	676	desc	0	0.478873239	0.394957983	0.436363636	0.44	
X	677	desc	0	0	0	0	0.258064516	
X	678	desc	0	0.027027027	0.660377358	0.032258065	0	
X	679	desc	0	0	0	0.081081081	0	
X	680	desc	0	0	0	0	0.098039216	
X	681	desc	0	0	0	0.018867925	0.296296296	
X	682	desc	0	0.274193548	0	0	0	
X	683	desc	0	0	0	0.375	0	
X	684	desc	0	0	0	0.28	0	
X	685	desc	0	0	0	0	0.166666667	
X	686	desc	0	0	0	0	0.52	
X	687	desc	0	0.324324324	0	0	0	
X	688	desc	0	0.455882353	0.465517241	0.546875	0.480769231	
X	689	desc	0	0.5	0.490384615	0.464788732	0.357142857	
X	690	desc	0	0.408163265	0.488888889	0.378378378	0.380952381	
X	691	desc	0	0	0	0	0.057692308	
X	692	desc	0	0.375	0.515463918	0.436363636	0.558823529	
X	693	desc	0	0.339622642	0.433333333	0.37254902	0.50877193	
X	694	desc	0	0.357142857	0	0	0	
X	695	desc	0	0.520547945	0	0	0	
X	696	desc	0	0	0.08	0	0.018518519	
X	697	desc	0	0	0	0.508474576	0	
X	698	desc	0	0	0	0.358490566	0	
X	699	desc	0	0	0.357142857	0	0.017857143	
X	700	desc	0	0.037735849	0.047619048	0.409836066	0.362318841	
X	701	desc	0	0	0	0	0.06779661	
X	702	desc	0	0.461538462	0.506329114	0.348837209	0.5	
X	703	desc	0	0	0.021052632	0	0.12962963	
X	704	desc	0	0.379746835	0	0	0	
X	705	desc	0	0.426229508	0.368421053	0.397260274	0.435483871	
X	706	desc	0	0.176470588	0	0	0	
X	707	desc	0	0.05	0	0	0	
X	708	desc	0	0	0	0	0.274193548	
X	709	desc	0	0.462962963	0.344827586	0.365079365	0.370967742	
X	710	desc	0	0.567567568	0.393258427	0.339622642	0.555555556	
X	711	desc	0	0.5	0.419642857	0.426229508	0.48	
X	712	desc	0	0.5	0.493333333	0.414285714	0.406779661	
X	713	desc	0	0.478873239	0	0	0	
X	714	desc	0	0.493333333	0.428571429	0.411764706	0.426229508	
X	715	desc	0	0.5	0.49	0.508474576	0.430769231	
X	716	desc	0	0	0	0	0.065217391	
X	717	desc	0	0.37704918	0	0	0	
X	718	desc	0	0.378787879	0.50862069	0.36	0.428571429	
X	719	desc	0	0	0.069306931	0	0	
X	720	desc	0	0.013888889	0.020618557	0.383561644	0.357142857	
X	721	desc	0	0.44	0.388888889	0.438596491	0.442622951	
X	722	desc	0	0.014705882	0	0	0.276595745	
X	723	desc	0	0	0.509615385	0	0	
X	724	desc	0	0.41509434	0.5	0.458333333	0.4	
X	725	desc	0	0.50877193	0.504424779	0.484375	0.545454545	
X	726	desc	0	0	0.05	0	0	
X	727	desc	0	0	0	0	0.101694915	
X	728	desc	0	0	0.303030303	0	0	
X	729	desc	0	0	0	0	0.28	
X	730	desc	0	0	0	0	0.35	
X	731	desc	0	0.434782609	0.485148515	0.322033898	0.517241379	
X	732	desc	0	0.409090909	0	0	0	
X	733	desc	0	0	0	0.293103448	0	
X	734	desc	0	0.018518519	0.35483871	0	0	
X	735	desc	0	0	0.059405941	0	0	
X	736	desc	0	0.414285714	0	0	0	
X	737	desc	0	0	0.401960784	0	0	
X	738	desc	0	0.525423729	0.471264368	0.37254902	0.4	
X	739	desc	0	0	0	0	0.063291139	
X	740	desc	0	0.408163265	0.46875	0.446428571	0.409836066	
X	741	desc	0	0	0.055045872	0	0.015625	
X	742	desc	0	0	0.120689655	0	0	
X	743	desc	0	0.454545455	0	0	0	
X	744	desc	0	0	0	0.418181818	0.363636364	
X	745	desc	0	0.492753623	0.43373494	0.591836735	0.377358491	
X	746	desc	0	0	0	0.018181818	0.079365079	
X	747	desc	0	0	0.308411215	0	0	
X	748	desc	0	0	0	0	0.08	
X	749	desc	0	0	0	0.404761905	0	
X	750	desc	0	0.492537313	0.443396226	0.454545455	0.580645161	
X	751	desc	0	0	0.36	0	0	
X	752	desc	0	0.475409836	0	0	0	
X	753	desc	0	0.569230769	0.455555556	0.283018868	0.5	
X	754	desc	0	0.41509434	0.012048193	0	0	
X	755	desc	0	0.068965517	0	0	0	
X	756	desc	0	0	0.376470588	0	0.015384615	
X	757	desc	0	0	0.324074074	0	0.016393443	
X	758	desc	0	0.413793103	0.390909091	0.491803279	0.466666667	
X	759	desc	0	0	0.061403509	0	0	
X	760	desc	0	0	0.351648352	0.017857143	0	
X	761	desc	0	0	0.391666667	0.016129032	0	
X	762	desc	0	0	0	0	0.079365079	
X	763	desc	0	0.323529412	0.438596491	0.4375	0.421875	
X	764	desc	0	0.06557377	0	0	0	
X	765	desc	0	0	0.095238095	0	0	
X	766	desc	0	0	0	0.466666667	0	
X	767	desc	0	0.4375	0	0	0	
X	768	desc	0	0	0	0	0.1	
X	769	desc	0	0	0.081818182	0	0	
X	770	desc	0	0.75862069	0.634146341	0.642857143	0.815789474	
X	771	desc	0	0	0.589285714	0	0	
X	772	desc	0	0	0	0	0.411764706	
X	773	desc	0	0	0	0.642857143	0	
X	774	desc	0	0	0.074626866	0	0	
X	775	desc	0	0.685714286	0	0	0	
X	776	desc	0	0	0.361702128	0	0.016666667	
X	777	desc	0	0.740740741	0.75	0.5625	0.766666667	
X	778	desc	0	0.422222222	0	0	0	
X	779	desc	0	0	0.627118644	0	0	
X	780	desc	0	0	0.020408163	0	0.073170732	
X	781	desc	0	0.069767442	0	0	0	
X	782	desc	0	0.5625	0	0	0	
X	783	desc	0	0	0.551724138	0	0	
X	784	desc	0	0	0	0.666666667	0	
X	785	desc	0	0	0	0	0.566666667	
X	786	desc	0	0.875	0.851851852	0.727272727	0.65	
X	787	desc	0	0.727272727	0.632352941	0.65625	0.815789474	
X	788	desc	0	0.471428571	0.473684211	0.555555556	0.426470588	
X	789	desc	0	0.774193548	0.706896552	0.735294118	0.88	
X	790	desc	0	0	0.018518519	0	0.098360656	
X	791	desc	0	0	0.365853659	0	0	
X	792	desc	0	0.577777778	0.493975904	0.375	0.448979592	
X	793	desc	0	0.012658228	0.008547009	0.017241379	0.088888889	
X	794	desc	0	0	0.278481013	0	0	
X	795	desc	0	0	0	0.542372881	0	
X	796	desc	0	0.447761194	0	0	0	
X	797	desc	0	0.392156863	0.547368421	0.592592593	0.34	
X	798	desc	0	0	0	0.42	0	
X	799	desc	0	0	0	0.355932203	0.018181818	
X	800	desc	0	0	0.392523364	0	0	
X	801	desc	0	0.397260274	0.480392157	0.373134328	0.444444444	
X	802	desc	0	0	0	0.527272727	0	
X	803	desc	0	0.283018868	0	0	0	
X	804	desc	0	0	0.346153846	0	0	
X	805	desc	0	0	0	0.069767442	0	
X	806	desc	0	0	0.43956044	0	0	
X	807	desc	0	0	0	0	0.282608696	
X	808	desc	0	0.441860465	0.362745098	0.4	0.409090909	
X	809	desc	0	0	0	0.020833333	0.076923077	
X	810	desc	0	0	0	0	0.097222222	
X	811	desc	0	0.37704918	0	0	0	
X	812	desc	0	0	0.267241379	0	0	
X	813	desc	0	0.439393939	0	0	0	
X	814	desc	0	0	0	0	0.261538462	
X	815	desc	0	0	0.379310345	0	0	
X	816	desc	0	0	0.419753086	0	0	
X	817	desc	0	0.4	0	0	0	
X	818	desc	0	0.38	0	0	0	
X	819	desc	0	0	0.043956044	0.045454545	0	
X	820	desc	0	0	0	0.4	0	
X	821	desc	0	0.015625	0	0	0.072727273	
X	822	desc	0	0	0.0125	0	0.333333333	
X	823	desc	0	0	0.008547009	0	0.202702703	
X	824	desc	0	0.347826087	0.016528926	0	0	
X	825	desc	0	0	0	0.380952381	0	
X	826	desc	0	0	0.416666667	0	0	
X	827	desc	0	0	0	0	0.188405797	
X	828	desc	0	0.407407407	0	0	0	
X	829	desc	0	0	0.02	0	0.121621622	
X	830	desc	0	0	0.340659341	0	0	
X	831	desc	0	0	0	0.457627119	0	
X	832	desc	0	0	0.381355932	0	0	
X	833	desc	0	0.267857143	0	0	0	
X	834	desc	0	0	0.301886792	0	0	
X	835	desc	0	0.492753623	0.464912281	0.455882353	0.537313433	
X	836	desc	0	0.306451613	0	0	0	
X	837	desc	0	0	0.35106383	0	0.015625	
X	838	desc	0	0.510638298	0	0	0	
X	839	desc	0	0	0	0.358490566	0	
X	840	desc	0	0	0.247524752	0	0	
X	841	desc	0	0.333333333	0	0	0	
X	842	desc	0	0	0.336734694	0	0	
X	843	desc	0	0	0	0.347826087	0	
X	844	desc	0	0	0	0.479166667	0.016666667	
X	845	desc	0	0.31372549	0	0	0	
X	846	desc	0	0.406779661	0.412371134	0.279411765	0.390625	
X	847	desc	0	0	0.416666667	0	0	
X	848	desc	0	0.483870968	0.444444444	0.492753623	0.455882353	
X	849	desc	0	0.403225806	0	0	0	
X	850	desc	0	0.358490566	0.40625	0.434782609	0.388888889	
X	851	desc	0	0	0.067961165	0	0	
X	852	desc	0	0	0	0	0.075757576	
X	853	desc	0	0.310344828	0	0	0	
X	854	desc	0	0.076923077	0.009433962	0.391304348	0.301587302	
X	855	desc	0	0.176470588	0	0	0	
X	856	desc	0	0.472727273	0	0	0	
X	857	desc	0	0	0	0	0.055555556	
X	858	desc	0	0	0	0.206896552	0	
X	859	desc	0	0	0.314285714	0	0	
X	860	desc	0	0	0	0	0.087719298	
X	861	desc	0	0	0	0.396226415	0	
X	862	desc	0	0	0.321428571	0	0	
X	863	desc	0	0.275	0.027272727	0	0.026315789	
X	864	desc	0	0.484375	0.386138614	0.415384615	0.52238806	
X	865	desc	0	0	0	0	0.435483871	
X	866	desc	0	0	0	0.026315789	0.076923077	
X	867	desc	0	0	0.341463415	0	0	
X	868	desc	0	0	0.058823529	0	0.015873016	
X	869	desc	0	0	0	0.421875	0	
X	870	desc	0	0.012820513	0	0	0.073529412	
X	871	desc	0	0.322580645	0	0.01754386	0	
X	872	desc	0	0.368421053	0	0	0	
X	873	desc	0	0.348484848	0	0	0	
X	874	desc	0	0.428571429	0.534883721	0.366666667	0.5	
X	875	desc	0	0.404255319	0.330188679	0.440677966	0.507692308	
X	876	desc	0	0.482142857	0.022988506	0.015384615	0.080645161	
X	877	desc	0	0	0.261904762	0	0	
X	878	desc	0	0.459459459	0	0	0	
X	879	desc	0	0.016393443	0.359223301	0	0	
X	880	desc	0	0.369863014	0.038461538	0	0.038461538	
X	881	desc	0	0.016129032	0.037974684	0.339285714	0.426229508	
X	882	desc	0	0	0.337078652	0	0	
X	883	desc	0	0	0.028037383	0.285714286	0.212765957	
X	884	desc	0	0.283333333	0	0	0	
X	885	desc	0	0	0.28440367	0	0	
X	886	desc	0	0.44	0.457142857	0.393442623	0.551724138	
X	887	desc	0	0.449275362	0.402061856	0.5	0.430769231	
X	888	desc	0	0	0.343137255	0	0	
X	889	desc	0	0.016393443	0.306930693	0	0	
X	890	desc	0	0	0	0	0.058823529	
X	891	desc	0	0	0.010638298	0.519230769	0.283333333	
X	892	desc	0	0.083333333	0	0	0	
X	893	desc	0	0	0.424528302	0	0	
X	894	desc	0	0	0	0	0.5	
X	895	desc	0	0	0	0.425925926	0	
X	896	desc	0	0	0.354166667	0	0	
X	897	desc	0	0	0	0.295454545	0	
X	898	desc	0	0	0	0.068181818	0	
X	899	desc	0	0.425531915	0.418604651	0.351351351	0.49122807	
X	900	desc	0	0	0.351851852	0	0	
X	901	desc	0	0	0	0.410958904	0	
X	902	desc	0	0	0	0.421052632	0	
X	903	desc	0	0	0	0	0.070175439	
X	904	desc	0	0	0	0.37704918	0	
X	905	desc	0	0	0	0	0.197183099	
X	906	desc	0	0	0.050505051	0	0	
X	907	desc	0	0.456140351	0.475	0.482758621	0.271186441	
X	908	desc	0	0.409090909	0	0	0	
X	909	desc	0	0.492537313	0.403846154	0.516666667	0.392857143	
X	910	desc	0	0	0	0.089285714	0	
X	911	desc	0	0.395061728	0	0.017857143	0	
X	912	desc	0	0.476923077	0.519230769	0.467741935	0.452830189	
X	913	desc	0	0.484375	0.504950495	0.476190476	0.442307692	
X	914	desc	0	0.425925926	0.516666667	0.490566038	0.415384615	
X	915	desc	0	0.378787879	0.464285714	0.348837209	0.422222222	
X	916	desc	0	0	0	0	0.366666667	
X	917	desc	0	0	0	0	0.175438596	
X	918	desc	0	0.409090909	0.436893204	0.5	0.350877193	
X	919	desc	0	0	0.103448276	0	0	
X	920	desc	0	0	0	0.48	0	
X	921	desc	0	0	0	0.416666667	0	
X	922	desc	0	0.010989011	0.009174312	0.413043478	0.391304348	
X	923	desc	0	0	0.37804878	0	0	
X	924	desc	0	0.47826087	0.418803419	0.52238806	0.425925926	
X	925	desc	0	0	0	0.413043478	0.232142857	
X	926	desc	0	0.367346939	0	0	0	
X	927	desc	0	0.3875	0.504950495	0.547169811	0.333333333	
X	928	desc	0	0.363636364	0	0	0	
X	929	desc	0	0	0	0	0.083333333	
X	930	desc	0	0.032258065	0	0.338709677	0.418181818	
X	931	desc	0	0.43902439	0.044117647	0	0.294117647	
X	932	desc	0	0.34	0	0	0	
X	933	desc	0	0	0	0	0.37037037	
X	934	desc	0	0	0.063291139	0	0.018867925	
X	935	desc	0	0	0	0	0.358974359	
X	936	desc	0	0.375	0	0	0	
X	937	desc	0	0	0.378151261	0	0	
X	938	desc	0	0	0.311320755	0	0	
X	939	desc	0	0.030769231	0.018181818	0.386363636	0.423076923	
X	940	desc	0	0.04	0	0	0.112676056	
X	941	desc	0	0.356164384	0	0	0	
X	942	desc	0	0	0	0.489795918	0	
X	943	desc	0	0	0	0.380952381	0	
X	944	desc	0	0	0	0.383333333	0	
X	945	desc	0	0	0.307692308	0	0	
X	946	desc	0	0	0.392405063	0	0	
X	947	desc	0	0.487179487	0	0	0	
X	948	desc	0	0.391304348	0.408333333	0.393442623	0.260869565	
X	949	desc	0	0.431034483	0.011111111	0.018181818	0.101694915	
X	950	desc	0	0.559322034	0.444444444	0.37704918	0.456521739	
X	951	desc	0	0.015625	0.369369369	0	0	
X	953	desc	0	0	0.04	0	0.014285714	
X	954	desc	0	0.5	0.333333333	0.456140351	0.435483871	
X	955	desc	0	0	0	0.528301887	0	
X	956	desc	0	0.38	0.03	0	0.123076923	
X	957	desc	0	0.457627119	0.339622642	0.271186441	0.54	
X	958	desc	0	0	0	0	0.148148148	
X	959	desc	0	0	0.410526316	0.019230769	0	
X	960	desc	0	0.338028169	0	0	0	
X	961	desc	0	0.384615385	0.352272727	0.545454545	0.412698413	
X	962	desc	0	0	0	0	0.345454545	
X	963	desc	0	0	0.37	0	0	
X	964	desc	0	0	0	0	0.228070175	
X	965	desc	0	0	0	0	0.098765432	
X	966	desc	0	0	0.046728972	0	0	
X	967	desc	0	0.378787879	0.417475728	0.380952381	0.516129032	
X	968	desc	0	0.590909091	0.443478261	0.4	0.4	
X	969	desc	0	0.366197183	0	0	0	
X	970	desc	0	0	0.009090909	0.370967742	0.293333333	
X	971	desc	0	0	0	0	0.089552239	
X	972	desc	0	0	0.00952381	0	0.323076923	
X	973	desc	0	0	0	0	0.36	
X	974	desc	0	0	0.25	0.02	0	
X	975	desc	0	0.392156863	0.483516484	0.326923077	0.466666667	
X	976	desc	0	0.315789474	0	0	0	
X	977	desc	0	0	0	0	0.236363636	
X	978	desc	0	0.25	0	0	0	
X	979	desc	0	0.393939394	0	0	0	
X	980	desc	0	0	0	0.483333333	0	
X	981	desc	0	0.543859649	0.422018349	0.5	0.417910448	
X	982	desc	0	0.416666667	0.053763441	0.448275862	0.36	
X	983	desc	0	0.324675325	0.525773196	0.367088608	0.328571429	
X	984	desc	0	0	0	0	0.098360656	
X	985	desc	0	0.37037037	0	0	0	
X	986	desc	0	0	0	0	0.075	
X	987	desc	0	0	0.012048193	0	0.338461538	
X	988	desc	0	0.466666667	0	0	0	
X	989	desc	0	0.357142857	0.428571429	0.476923077	0.322580645	
X	990	desc	0	0.478873239	0.462365591	0.489361702	0.461538462	
X	991	desc	0	0	0.329113924	0	0	
X	992	desc	0	0	0.373737374	0	0	
X	993	desc	0	0	0	0	0.0625	
X	994	desc	0	0.338028169	0.422222222	0.528301887	0.355932203	
X	995	desc	0	0.511627907	0.364705882	0.382978723	0.417910448	
X	996	desc	0	0.441558442	0.034188034	0.410958904	0.342857143	
X	997	desc	0	0.425925926	0.010416667	0	0	
X	998	desc	0	0.45	0	0	0	
X	999	desc	0	0.385964912	0	0	0	
X	1000	desc	0	0.303571429	0	0	0	
X	1001	desc	0	0	0.345238095	0	0	
X	1002	desc	0	0	0	0.174603175	0	
X	1003	desc	0	0	0.285714286	0	0	
X	1004	desc	0	0.112676056	0	0	0	
X	1005	desc	0	0	0	0	0.095238095	
X	1006	desc	0	0	0.394736842	0	0	
X	1007	desc	0	0.347826087	0.360465116	0.432432432	0.534883721	
X	1008	desc	0	0.457142857	0.010309278	0	0	
X	1009	desc	0	0	0.283333333	0	0	
X	1010	desc	0	0	0	0.391304348	0	
X	1011	desc	0	0.4	0	0	0	
X	1012	desc	0	0.366666667	0	0.01754386	0	
X	1013	desc	0	0	0.384615385	0	0	
X	1014	desc	0	0	0	0.307692308	0	
X	1015	desc	0	0	0	0.339622642	0	
X	1016	desc	0	0	0.427083333	0.020408163	0	
X	1017	desc	0	0.434782609	0.463414634	0.390625	0.518518519	
X	1018	desc	0	0.415384615	0.441441441	0.395833333	0.42	
X	1019	desc	0	0	0	0.066666667	0	
X	1020	desc	0	0	0.009009009	0.469135802	0.362068966	
X	1021	desc	0	0	0	0	0.196078431	
X	1022	desc	0	0.543478261	0.486111111	0.4375	0.392857143	
X	1023	desc	0	0	0	0.344827586	0	
X	1024	desc	0	0	0	0.317460317	0	
X	1025	desc	0	0.018867925	0.048780488	0	0.019607843	
X	1026	desc	0	0.37704918	0	0	0	
X	1027	desc	0	0.322033898	0.404040404	0.394736842	0.462962963	
X	1028	desc	0	0	0.04	0	0.014285714	
X	1029	desc	0	0	0	0	0.083333333	
X	1030	desc	0	0.060240964	0	0	0	
X	1031	desc	0	0.015625	0	0	0.102040816	
X	1032	desc	0	0	0.019607843	0	0.103896104	
X	1033	desc	0	0	0.306122449	0	0	
X	1034	desc	0	0.55	0.342857143	0.403846154	0.462686567	
X	1035	desc	0	0	0.050420168	0	0	
X	1036	desc	0	0	0.3125	0	0	
X	1037	desc	0	0	0	0.333333333	0.296875	
X	1038	desc	0	0.409836066	0.422018349	0.290322581	0.423728814	
X	1039	desc	0	0	0.009433962	0	0.322580645	
X	1040	desc	0	0.131578947	0	0	0	
X	1041	desc	0	0.435483871	0.440366972	0.490566038	0.363636364	
X	1042	desc	0	0.323943662	0	0	0	
X	1043	desc	0	0	0	0.365079365	0.309090909	
X	1044	desc	0	0	0	0	0.113207547	
X	1045	desc	0	0.384615385	0.456896552	0.388888889	0.433962264	
X	1046	desc	0	0	0.101265823	0	0	
X	1047	desc	0	0.333333333	0.401785714	0.310344828	0.458333333	
X	1048	desc	0	0.474358974	0.365853659	0.388888889	0.431372549	
X	1049	desc	0	0	0.05	0	0	
X	1050	desc	0	0	0	0.068965517	0	
X	1051	desc	0	0.461538462	0.451327434	0.490909091	0.367647059	
X	1052	desc	0	0	0	0.432835821	0	
X	1053	desc	0	0.408163265	0.49382716	0.379310345	0.415384615	
X	1054	desc	0	0.5	0	0	0	
X	1055	desc	0	0	0	0	0.295774648	
X	1056	desc	0	0	0.306122449	0	0	
X	1057	desc	0	0	0.368852459	0	0	
X	1059	desc	0	0	0	0.363636364	0.416666667	
X	1060	desc	0	0	0	0.063829787	0	
X	1061	desc	0	0.4	0	0	0	
X	1062	desc	0	0	0	0	0.423728814	
X	1063	desc	0	0.333333333	0.504854369	0.396551724	0.298245614	
X	1064	desc	0	0	0.009708738	0.476923077	0.360655738	
X	1065	desc	0	0.390625	0.482758621	0.474576271	0.471698113	
X	1066	desc	0	0	0	0	0.345454545	
X	1067	desc	0	0.584615385	0.418181818	0.393939394	0.343283582	
X	1068	desc	0	0.018181818	0.010204082	0	0.089552239	
X	1069	desc	0	0.514705882	0.438095238	0.4	0.465517241	
X	1070	desc	0	0.020408163	0.018518519	0.387096774	0.295081967	
X	1071	desc	0	0	0.114285714	0	0	
X	1072	desc	0	0	0	0.352941176	0	
X	1073	desc	0	0	0.260416667	0	0	
X	1074	desc	0	0	0	0.25	0	
X	1075	desc	0	0.382978723	0.398058252	0.446153846	0.586206897	
X	1076	desc	0	0.014925373	0.009345794	0	0.075471698	
X	1077	desc	0	0.454545455	0	0	0	
X	1078	desc	0	0.476923077	0	0.016129032	0	
X	1079	desc	0	0	0.314285714	0	0	
X	1080	desc	0	0.432432432	0	0	0	
X	1081	desc	0	0	0.416666667	0	0	
X	1082	desc	0	0	0	0.420289855	0	
X	1083	desc	0	0.493506494	0.46875	0.41509434	0.38028169	
X	1084	desc	0	0.451612903	0.394495413	0.35	0.478873239	
X	1085	desc	0	0	0	0.246153846	0.435483871	
X	1086	desc	0	0	0.009803922	0.333333333	0	
X	1087	desc	0	0.378787879	0	0	0	
X	1088	desc	0	0	0	0	0.333333333	
X	1089	desc	0	0	0.021505376	0	0.069444444	
X	1090	desc	0	0.4	0.405940594	0.444444444	0.368421053	
X	1091	desc	0	0	0.361904762	0	0	
X	1092	desc	0	0	0	0.307692308	0	
X	1093	desc	0	0.442307692	0.411111111	0.307692308	0.439393939	
X	1094	desc	0	0	0	0	0.283783784	
X	1095	desc	0	0.393939394	0.435643564	0.36	0.5	
X	1096	desc	0	0	0.4	0	0	
X	1097	desc	0	0.4	0.43877551	0.35	0.411764706	
X	1098	desc	0	0.479452055	0.452830189	0.417721519	0.465517241	
X	1099	desc	0	0	0.373913043	0	0	
X	1100	desc	0	0	0	0.395833333	0	
X	1101	desc	0	0.333333333	0	0	0	
X	1102	desc	0	0	0	0.057142857	0	
X	1103	desc	0	0	0.066666667	0	0	
X	1104	desc	0	0.410958904	0.363636364	0.377777778	0.394366197	
X	1105	desc	0	0.018867925	0.311827957	0	0	
X	1106	desc	0	0.480769231	0	0	0	
X	1107	desc	0	0.256756757	0.201438849	0.276923077	0.265822785	
X	1108	desc	0	0.424242424	0.01010101	0	0.060606061	
X	1109	desc	0	0	0.362637363	0	0	
X	1110	desc	0	0	0	0	0.253968254	
X	1111	desc	0	0	0.008928571	0.426229508	0	
X	1112	desc	0	0.333333333	0	0	0	
X	1113	desc	0	0.346938776	0	0	0	
X	1114	desc	0	0	0	0	0.214285714	
X	1115	desc	0	0	0.449152542	0	0	
X	1116	desc	0	0.516666667	0.405940594	0.431034483	0.444444444	
X	1117	desc	0	0	0	0	0.086206897	
X	1118	desc	0	0.444444444	0.428571429	0.271428571	0.46	
X	1119	desc	0	0	0.357142857	0.017241379	0	
X	1120	desc	0	0.461538462	0.013513514	0	0.129032258	
X	1121	desc	0	0	0.012987013	0.481481481	0	
X	1122	desc	0	0.305084746	0	0	0	
X	1123	desc	0	0.333333333	0	0	0	
X	1124	desc	0	0.37704918	0.460176991	0.507936508	0.40625	
X	1125	desc	0	0.394366197	0.366666667	0.358208955	0.425531915	
X	1126	desc	0	0	0.441860465	0	0.015151515	
X	1127	desc	0	0	0	0.419354839	0	
X	1128	desc	0	0	0.253731343	0	0	
X	1129	desc	0	0.46875	0.448275862	0.516666667	0.464285714	
X	1130	desc	0	0	0.25	0	0	
X	1131	desc	0	0.015625	0.038834951	0.425925926	0.35483871	
X	1132	desc	0	0.338461538	0	0	0	
X	1133	desc	0	0	0	0	0.230769231	
X	1134	desc	0	0	0	0	0.272727273	
X	1135	desc	0	0	0	0.52173913	0	
X	1136	desc	0	0	0	0	0.06122449	
X	1137	desc	0	0	0	0.456140351	0	
X	1138	desc	0	0	0	0	0.060606061	
X	1139	desc	0	0	0	0.446428571	0	
X	1140	desc	0	0.403846154	0.413793103	0.406779661	0.5	
X	1141	desc	0	0.370967742	0.475728155	0.397058824	0.343283582	
X	1142	desc	0	0.385964912	0.476190476	0.483333333	0.421052632	
X	1143	desc	0	0	0.01	0.464285714	0.309090909	
X	1144	desc	0	0	0.008547009	0	0.052631579	
X	1145	desc	0	0	0	0	0.173913043	
X	1146	desc	0	0.426470588	0.4	0.4	0.394366197	
X	1147	desc	0	0.373333333	0	0	0	
X	1148	desc	0	0	0	0	0.344827586	
X	1149	desc	0	0.376811594	0.009433962	0	0	
X	1150	desc	0	0	0.242718447	0	0	
X	1151	desc	0	0	0	0.365384615	0	
X	1152	desc	0	0	0.375	0.028571429	0	
X	1153	desc	0	0	0.09	0	0	
X	1154	desc	0	0.454545455	0	0	0	
X	1155	desc	0	0.490196078	0.5	0.37704918	0.25	
X	1156	desc	0	0.384615385	0.416	0.489795918	0.435483871	
X	1157	desc	0	0.441176471	0.463917526	0.475409836	0.482142857	
X	1158	desc	0	0	0	0	0.188679245	
X	1159	desc	0	0	0.384615385	0	0	
X	1160	desc	0	0	0	0.087719298	0	
X	1161	desc	0	0	0	0.365384615	0	
X	1162	desc	0	0.424242424	0.397727273	0.52173913	0.392857143	
X	1163	desc	0	0	0	0	0.063492063	
X	1164	desc	0	0	0	0.464285714	0	
X	1165	desc	0	0	0	0	0.3	
X	1166	desc	0	0	0.317307692	0	0	
X	1167	desc	0	0	0	0.349206349	0	
X	1168	desc	0	0	0	0.442622951	0	
X	1169	desc	0	0.470588235	0.02	0.281690141	0.320754717	
X	1170	desc	0	0	0.412280702	0	0	
X	1171	desc	0	0	0	0	0.080645161	
X	1172	desc	0	0.48	0.343434343	0.322580645	0.451612903	
X	1173	desc	0	0.3125	0	0	0	
X	1174	desc	0	0.428571429	0	0	0	
X	1175	desc	0	0	0.021052632	0	0.086956522	
X	1176	desc	0	0.074074074	0	0	0	
X	1177	desc	0	0.5	0.438095238	0.421875	0.484848485	
X	1178	desc	0	0.377358491	0.433333333	0.425531915	0.531914894	
X	1179	desc	0	0	0	0.421052632	0	
X	1180	desc	0	0	0.339449541	0	0	
X	1181	desc	0	0	0	0	0.333333333	
X	1182	desc	0	0	0.3	0	0	
X	1183	desc	0	0.031746032	0.027272727	0.4	0.280701754	
X	1184	desc	0	0.013888889	0	0	0.127272727	
X	1185	desc	0	0	0.043859649	0	0	
X	1186	desc	0	0	0	0	0.276595745	
X	1187	desc	0	0.525423729	0	0	0	
X	1188	desc	0	0.5	0.425925926	0.47826087	0.338709677	
X	1189	desc	0	0	0.044776119	0	0	
X	1190	desc	0	0.125	0	0	0	
X	1191	desc	0	0.518518519	0.37037037	0.508474576	0.528571429	
X	1192	desc	0	0	0	0	0.084745763	
X	1193	desc	0	0.3	0	0	0	
X	1194	desc	0	0.411764706	0.489795918	0.441860465	0.396825397	
X	1195	desc	0	0	0.330769231	0	0	
X	1196	desc	0	0	0.291139241	0	0	
X	1197	desc	0	0	0.01	0.389830508	0.385714286	
X	1198	desc	0	0.052631579	0	0.396551724	0.344262295	
X	1199	desc	0	0.426666667	0	0	0	
X	1200	desc	0	0	0.322916667	0	0	
X	1201	desc	0	0.384615385	0	0	0	
X	1202	desc	0	0.325581395	0.391891892	0.461538462	0.518518519	
X	1203	desc	0	0	0	0	0.15942029	
X	1204	desc	0	0.3	0	0	0	
X	1205	desc	0	0	0	0	0.185185185	
X	1206	desc	0	0.470588235	0.392	0.338709677	0.457142857	
X	1207	desc	0	0.303571429	0.484210526	0.275	0.333333333	
X	1208	desc	0	0	0.047058824	0	0	
X	1209	desc	0	0.461538462	0.475	0.428571429	0.516666667	
X	1210	desc	0	0.4	0	0	0	
X	1211	desc	0	0.530612245	0.294117647	0.395833333	0.49122807	
X	1212	desc	0	0	0.432989691	0.017241379	0.020833333	
X	1213	desc	0	0	0	0	0.333333333	
X	1214	desc	0	0.5	0.391752577	0.458333333	0.451612903	
X	1215	desc	0	0	0	0.328947368	0	
X	1216	desc	0	0	0	0.5	0	
X	1217	desc	0	0	0	0	0.116666667	
X	1218	desc	0	0	0	0.339622642	0.3125	
X	1219	desc	0	0.402985075	0.385542169	0.5	0.421052632	
X	1220	desc	0	0	0.315217391	0.019230769	0.015873016	
X	1221	desc	0	0.403508772	0	0	0	
X	1222	desc	0	0	0	0	0.072463768	
X	1223	desc	0	0	0.051020408	0	0	
X	1224	desc	0	0	0.446808511	0	0	
X	1225	desc	0	0.06779661	0	0	0	
X	1226	desc	0	0	0	0.314814815	0	
X	1227	desc	0	0	0.022222222	0	0.109090909	
X	1228	desc	0	0.439393939	0.458333333	0.406779661	0.348484848	
X	1229	desc	0	0	0.376146789	0	0	
X	1230	desc	0	0.350877193	0	0	0	
X	1231	desc	0	0	0.311111111	0	0	
X	1232	desc	0	0	0	0	0.246153846	
X	1233	desc	0	0	0	0	0.344827586	
X	1234	desc	0	0	0	0	0.268656716	
X	1235	desc	0	0	0.288288288	0	0	
X	1236	desc	0	0.530612245	0.523809524	0.482142857	0.375	
X	1237	desc	0	0	0	0.467741935	0	
X	1238	desc	0	0.340425532	0	0	0	
X	1239	desc	0	0.448275862	0.47	0.523809524	0.538461538	
X	1240	desc	0	0.359375	0	0	0	
X	1241	desc	0	0	0	0	0.066666667	
X	1242	desc	0	0.060606061	0	0	0	
X	1243	desc	0	0.476190476	0.446280992	0.406779661	0.419354839	
X	1244	desc	0	0	0	0.257575758	0	
X	1245	desc	0	0.444444444	0	0	0	
X	1246	desc	0	0	0.294871795	0	0	
X	1247	desc	0	0.285714286	0	0	0	
X	1248	desc	0	0	0	0.413043478	0	
X	1249	desc	0	0.383333333	0.383333333	0.444444444	0.442622951	
X	1250	desc	0	0.136363636	0	0	0	
X	1251	desc	0	0	0.397959184	0	0	
X	1252	desc	0	0.426470588	0	0	0	
X	1253	desc	0	0	0.326732673	0	0	
X	1254	desc	0	0	0	0.404761905	0	
X	1255	desc	0	0.431818182	0.41509434	0.526315789	0.548387097	
X	1256	desc	0	0.456140351	0.477876106	0.350877193	0.533333333	
X	1257	desc	0	0.263157895	0	0.013888889	0	
X	1258	desc	0	0	0	0	0.391891892	
X	1259	desc	0	0	0.406593407	0.016666667	0	
X	1260	desc	0	0	0.336633663	0	0	
X	1261	desc	0	0.152173913	0	0	0	
X	1262	desc	0	0.081967213	0	0	0	
X	1263	desc	0	0	0.364583333	0	0	
X	1264	desc	0	0	0.010989011	0.096774194	0	
X	1265	desc	0	0	0.00990099	0.385964912	0.3	
X	1266	desc	0	0	0.027522936	0	0.069444444	
X	1267	desc	0	0.416666667	0.505376344	0.481481481	0.406779661	
X	1268	desc	0	0	0.411764706	0	0	
X	1269	desc	0	0.339622642	0.386792453	0.475	0.4	
X	1270	desc	0	0	0	0	0.333333333	
X	1271	desc	0	0.05	0	0.395348837	0.230769231	
X	1272	desc	0	0	0.008264463	0	0.285714286	
X	1273	desc	0	0	0.378640777	0	0	
X	1274	desc	0	0	0	0	0.328358209	
X	1275	desc	0	0	0.393258427	0	0	
X	1276	desc	0	0	0.47761194	0	0	
X	1277	desc	0	0	0.27173913	0	0	
X	1279	desc	0	0	0.395061728	0	0	
X	1280	desc	0	0.423076923	0.009803922	0	0.094339623	
X	1281	desc	0	0	0	0	0.246376812	
X	1282	desc	0	0	0.01010101	0.5	0	
X	1283	desc	0	0	0	0.209876543	0	
X	1284	desc	0	0.425	0	0	0	
X	1285	desc	0	0	0	0.456140351	0	
X	1286	desc	0	0	0.019417476	0	0.078431373	
X	1287	desc	0	0	0	0.428571429	0	
X	1288	desc	0	0	0	0.36	0	
X	1289	desc	0	0.377358491	0	0	0	
X	1290	desc	0	0.349206349	0	0	0	
X	1291	desc	0	0	0	0	0.243902439	
X	1292	desc	0	0	0	0	0.109090909	
X	1293	desc	0	0.054054054	0	0	0	
X	1294	desc	0	0	0	0	0.287671233	
X	1295	desc	0	0.454545455	0.372727273	0.410714286	0.3125	
X	1296	desc	0	0.049382716	0	0	0	
X	1297	desc	0	0.4375	0.3625	0.433962264	0.561403509	
X	1298	desc	0	0.410714286	0	0	0	
X	1299	desc	0	0	0.257142857	0	0	
X	1300	desc	0	0	0	0	0.081081081	
X	1301	desc	0	0	0	0.019230769	0.070175439	
X	1302	desc	0	0	0.32	0	0	
X	1303	desc	0	0	0.064102564	0	0	
X	1304	desc	0	0	0	0	0.35	
X	1305	desc	0	0	0.009174312	0.385964912	0	
X	1306	desc	0	0	0	0	0.072727273	
X	1307	desc	0	0.327586207	0.438356164	0.377358491	0.467741935	
X	1308	desc	0	0.258928571	0	0	0	
X	1309	desc	0	0	0	0.349206349	0	
X	1310	desc	0	0.229508197	0	0	0	
X	1311	desc	0	0.369230769	0	0	0	
X	1312	desc	0	0.442857143	0	0.022222222	0	
X	1313	desc	0	0	0	0.037037037	0.346153846	
X	1314	desc	0	0.089285714	0	0	0	
X	1316	desc	0	0	0	0.18	0	
X	1317	desc	0	0	0.060240964	0	0	
X	1318	desc	0	0.382978723	0	0	0	
X	1319	desc	0	0	0.330275229	0	0	
X	1320	desc	0	0.545454545	0.365384615	0.402985075	0.389830508	
X	1321	desc	0	0.054054054	0	0	0	
X	1322	desc	0	0.069767442	0	0	0	
X	1323	desc	0	0	0.4	0.037037037	0.03030303	
X	1324	desc	0	0	0	0.137931034	0	
X	1325	desc	0	0	0.358333333	0	0	
X	1326	desc	0	0	0	0.456140351	0	
X	1327	desc	0	0	0.028037383	0	0.093023256	
X	1328	desc	0	0	0.411764706	0	0	
X	1329	desc	0	0	0.382352941	0	0	
X	1330	desc	0	0.454545455	0.448598131	0.428571429	0.549295775	
X	1331	desc	0	0.254545455	0	0	0	
X	1332	desc	0	0	0.41	0	0	
X	1333	desc	0	0	0	0	0.051948052	
X	1334	desc	0	0	0.009708738	0	0.090909091	
X	1335	desc	0	0.431034483	0	0	0	
X	1336	desc	0	0	0.355371901	0	0	
X	1337	desc	0	0	0	0.5	0	
X	1338	desc	0	0	0.375	0	0	
X	1339	desc	0	0	0	0	0.25	
X	1340	desc	0	0	0	0.436363636	0	
X	1341	desc	0	0.016393443	0	0	0.068965517	
X	1342	desc	0	0.029411765	0	0.387096774	0.34	
X	1343	desc	0	0	0	0	0.12244898	
X	1344	desc	0	0.454545455	0.042105263	0.50877193	0.50877193	
X	1345	desc	0	0	0	0.25	0	
X	1346	desc	0	0	0.008264463	0.339285714	0.25	
X	1347	desc	0	0	0	0.245283019	0	
X	1348	desc	0	0	0.127659574	0	0	
X	1349	desc	0	0	0	0.56097561	0	
X	1350	desc	0	0	0	0.209876543	0	
X	1351	desc	0	0	0.42	0	0.018518519	
X	1352	desc	0	0.431372549	0.390243902	0.446808511	0.725490196	
X	1353	desc	0	0.395833333	0.347457627	0.361702128	0.422535211	
X	1354	desc	0	0	0	0	0.095238095	
X	1355	desc	0	0	0	0	0.196428571	
X	1356	desc	0	0.326086957	0.025641026	0	0.063829787	
X	1357	desc	0	0.440677966	0.395061728	0.381818182	0.37704918	
X	1358	desc	0	0	0	0	0.272727273	
X	1359	desc	0	0.333333333	0	0	0	
X	1360	desc	0	0.40625	0.026086957	0	0.107142857	
X	1361	desc	0	0	0	0	0.305555556	
X	1362	desc	0	0	0	0.205882353	0	
X	1363	desc	0	0.519230769	0.37	0.452830189	0.491803279	
X	1364	desc	0	0	0.346666667	0	0	
X	1365	desc	0	0.509433962	0.565217391	0.469387755	0.468085106	
X	1366	desc	0	0.46875	0.333333333	0.448275862	0.442622951	
X	1367	desc	0	0	0.329268293	0	0	
X	1368	desc	0	0	0	0.36	0.264150943	
X	1369	desc	0	0.269230769	0	0	0	
X	1370	desc	0	0.412698413	0	0	0	
X	1371	desc	0	0	0	0.092592593	0	
X	1372	desc	0	0	0.373737374	0	0	
X	1373	desc	0	0	0.348623853	0	0	
X	1374	desc	0	0.380952381	0.47008547	0.35483871	0.46	
X	1375	desc	0	0.014705882	0.362745098	0	0	
X	1376	desc	0	0	0	0.224137931	0	
X	1377	desc	0	0	0	0.224137931	0	
X	1378	desc	0	0.245614035	0	0	0	
X	1379	desc	0	0	0	0.3	0.509803922	
X	1380	desc	0	0.5	0.360655738	0.352941176	0.434782609	
X	1381	desc	0	0	0	0.306451613	0	
X	1382	desc	0	0.452054795	0.448717949	0.303030303	0.509803922	
X	1383	desc	0	0.086956522	0	0	0	
X	1384	desc	0	0.125	0	0	0	
X	1385	desc	0	0	0	0	0.070175439	
X	1386	desc	0	0	0	0.431372549	0	
X	1387	desc	0	0	0	0	0.090909091	
X	1388	desc	0	0	0.315789474	0	0	
X	1389	desc	0	0.514705882	0.434343434	0.333333333	0.403508772	
X	1390	desc	0	0.392857143	0	0	0	
X	1391	desc	0	0.508196721	0.449541284	0.50877193	0.338709677	
X	1392	desc	0	0	0	0.017857143	0.35483871	
X	1393	desc	0	0.520833333	0.410526316	0.393442623	0.5	
X	1394	desc	0	0	0.126213592	0	0	
X	1395	desc	0	0	0.020833333	0.014705882	0.081967213	
X	1396	desc	0	0.409836066	0.428571429	0.58	0.368421053	
X	1397	desc	0	0.018181818	0.411214953	0.014925373	0	
X	1398	desc	0	0.348484848	0	0.018518519	0	
X	1399	desc	0	0	0	0	0.096774194	
X	1400	desc	0	0.491803279	0.515789474	0.416666667	0.424657534	
X	1401	desc	0	0	0	0.075757576	0	
X	1402	desc	0	0	0	0	0.352941176	
X	1403	desc	0	0	0	0.406779661	0	
X	1404	desc	0	0	0.408695652	0	0.014492754	
X	1405	desc	0	0.5	0.530864198	0.49122807	0.338983051	
X	1406	desc	0	0	0	0	0.12962963	
X	1407	desc	0	0.075757576	0	0	0	
X	1408	desc	0	0	0.319444444	0	0	
X	1409	desc	0	0	0.344262295	0	0	
X	1410	desc	0	0	0.043103448	0	0	
X	1411	desc	0	0.265625	0	0	0	
X	1412	desc	0	0.260273973	0	0	0	
X	1413	desc	0	0.025	0	0.487804878	0.305555556	
X	1414	desc	0	0	0.387387387	0.015873016	0	
X	1415	desc	0	0.46	0.428571429	0.279069767	0.387755102	
X	1416	desc	0	0.438596491	0	0	0	
X	1417	desc	0	0.492063492	0.370786517	0.353846154	0.418604651	
X	1418	desc	0	0.06557377	0	0	0	
X	1419	desc	0	0	0.024793388	0.448275862	0.342857143	
X	1420	desc	0	0.461538462	0.458333333	0.36	0.352941176	
X	1421	desc	0	0.176470588	0	0	0	
X	1422	desc	0	0	0.378947368	0	0	
X	1423	desc	0	0	0.419642857	0	0	
X	1424	desc	0	0.013888889	0.398148148	0	0	
X	1425	desc	0	0	0.014492754	0.229166667	0.184210526	
X	1426	desc	0	0.371794872	0	0	0	
X	1427	desc	0	0	0.329545455	0	0	
X	1428	desc	0	0	0.316831683	0	0	
X	1429	desc	0	0	0	0	0.089285714	
X	1430	desc	0	0	0.018181818	0	0.346938776	
X	1431	desc	0	0.396825397	0.5	0.434782609	0.492753623	
X	1432	desc	0	0	0.023809524	0.442307692	0.270833333	
X	1433	desc	0	0.426229508	0.417475728	0.439393939	0.5	
X	1434	desc	0	0	0.011627907	0.569230769	0.290322581	
X	1435	desc	0	0	0.373333333	0	0	
X	1436	desc	0	0.435483871	0.404761905	0.418181818	0.490909091	
X	1437	desc	0	0	0.367346939	0	0	
X	1438	desc	0	0	0	0	0.083333333	
X	1439	desc	0	0	0.011904762	0	0.244897959	
X	1440	desc	0	0	0.081081081	0	0	
X	1441	desc	0	0.097222222	0	0	0	
X	1442	desc	0	0	0.376237624	0.015873016	0	
X	1443	desc	0	0	0	0.157894737	0	
X	1444	desc	0	0	0.354545455	0	0	
X	1445	desc	0	0.435897436	0.44	0.362068966	0.454545455	
X	1446	desc	0	0	0	0	0.236842105	
X	1447	desc	0	0	0	0.03030303	0.142857143	
X	1448	desc	0	0.421052632	0.373493976	0.578947368	0.547169811	
X	1449	desc	0	0	0.460869565	0	0	
X	1450	desc	0	0	0.360824742	0	0.014285714	
X	1451	desc	0	0.428571429	0.428571429	0.482142857	0.5	
X	1452	desc	0	0.471264368	0.057142857	0.208955224	0.419354839	
X	1453	desc	0	0.367647059	0.048076923	0.441860465	0.444444444	
X	1454	desc	0	0.363636364	0.433070866	0.5	0.451612903	
X	1455	desc	0	0	0	0.355932203	0	
X	1456	desc	0	0.350877193	0	0	0	
X	1457	desc	0	0.424657534	0	0	0	
X	1458	desc	0	0.441176471	0	0	0.015873016	
X	1459	desc	0	0	0.319587629	0.014925373	0	
X	1460	desc	0	0	0.232876712	0	0	
X	1461	desc	0	0.340425532	0.440860215	0.457627119	0.529411765	
X	1462	desc	0	0.395833333	0	0	0	
X	1463	desc	0	0	0	0	0.058823529	
X	1464	desc	0	0	0.010638298	0	0.339285714	
X	1465	desc	0	0.480519481	0.436090226	0.355932203	0.606557377	
X	1466	desc	0	0	0	0.404761905	0.384615385	
X	1467	desc	0	0	0.276595745	0	0.015384615	
X	1468	desc	0	0	0	0	0.075471698	
X	1469	desc	0	0.360655738	0	0	0	
X	1470	desc	0	0	0	0	0.262295082	
X	1471	desc	0	0.473684211	0.409090909	0.421052632	0.421052632	
X	1472	desc	0	0	0.357142857	0	0	
X	1473	desc	0	0	0.330434783	0	0	
X	1474	desc	0	0	0	0.509090909	0	
X	1475	desc	0	0	0	0	0.086206897	
X	1476	desc	0	0	0.070588235	0	0	
X	1477	desc	0	0	0.077669903	0	0	
X	1478	desc	0	0	0	0.016393443	0.397260274	
X	1479	desc	0	0	0	0	0.236363636	
