#chrom	pos	DESC	Normal	X1	X2	X4
1	18702842	SOMATIC	0	0.479168362	0.547656324	0.488836419
1	55929709	SOMATIC	0	0.513218188	0.594104308	0.530502392
1	78032946	SOMATIC	0	0.695875435	0.750895141	0.741760403
1	115615286	SOMATIC	0	0.410777734	0.254027041	0.492669507
1	154513581	SOMATIC	0	0.325311613	0.284940183	0.521088629
1	159043124	SOMATIC	0	0.186668514	0.305344541	0.206558224
1	161693298	SOMATIC	0	0.38217116	0.341937237	0.367277543
1	170404350	SOMATIC	0	0.1149471	0.116064566	0.311230732
1	186261383	SOMATIC	0	0.684983282	0.596049046	0.684488555
1	188927398	SOMATIC	0	0.239704329	0.211327649	0.266851981
1	219321258	WILDTYPE	0	0.000598444	0.000526963	0
1	245582899	SOMATIC	0	0.067408305	0.060448509	0.007926655
1	248869969	SOMATIC	0	0.682663791	0.699766926	0.77249765
10	55582495	SOMATIC	0	0.458465106	0.257982613	0.53410421
10	71707093	SOMATIC	0	0.441826522	0.518466089	0.417108215
10	103881502	SOMATIC	0	0.488064476	0.359574307	0.390237004
10	105971797	SOMATIC	0	0.532450771	0.565730745	0.499848897
10	107030673	SOMATIC	0	0.067280133	0.062313698	0.076660615
10	123340263	WILDTYPE	0	0.000766871	0.000598524	0.842580229
10	133486157	SOMATIC	0	0.928899278	0.828443388	0.997294079
11	1093393	WILDTYPE	0	0.001618123	0.001968504	0.002482416
11	7924520	SOMATIC	0	0.488643923	0.407256213	0.420550777
11	36903890	SOMATIC	0	0.075412859	0.05596817	0.252972066
11	59132274	WILDTYPE	0	0.004342372	0.064690027	0.474102169
11	81631517	SOMATIC	0	0.081308411	0.200170721	0.001039771
11	107750898	SOMATIC	0	0.640145095	0.256155964	0.831638705
11	118252198	WILDTYPE	0	0	0.001645037	0
11	128218739	SOMATIC	0	0.091703057	0.165714286	0.753191489
12	988858	SOMATIC	0	0.344314639	0.164047619	0.443142773
12	2285637	SOMATIC	0	0.135373609	0.110084371	0.344802181
12	3912807	WILDTYPE	0	0.002064468	0.001363551	0.002301327
12	14856407	SOMATIC	0	0.662705667	0.629360465	0.683863227
12	50859599	SOMATIC	0	0.849256293	0.583964116	0.998630478
12	86618610	SOMATIC	0	0.560620525	0.356320708	0.436461327
12	103526870	SOMATIC	0	0.086245513	0.141734778	0.345782122
12	106824456	SOMATIC	0	0.156112676	0.150287269	0.399307659
12	117947771	WILDTYPE	0	0	4.02431E-05	0
13	23226901	SOMATIC	0	0.144999513	0.19465991	0.498133695
13	101175612	SOMATIC	0	0.09684506	0.154147913	0.418004905
13	109847060	SOMATIC	0	0.533190003	0.571879495	0.560824606
14	23826560	SOMATIC	0	0.999427617	0.999329143	0.999554746
14	24458172	SOMATIC	0	0.9982066	0.997577911	0.998106612
14	32870929	SOMATIC	0	0.765254237	0.309733073	0.999489144
14	59333125	SOMATIC	0	0.443866678	0.181292925	0.874684609
14	74664338	SOMATIC	0	0.225747685	0.258499711	0.860229518
14	74753190	SOMATIC	0	0.99921736	0.999091554	0.999154367
14	94089175	SOMATIC	0	0.453589109	0.477246075	0.378571134
14	96707335	SOMATIC	0	0.095741924	0.129813877	0.352344783
14	96742405	SOMATIC	0	0.363683609	0.315789474	0.323680938
14	103440617	WILDTYPE	0	0.003805899	0.003363914	0.002381825
14	104445157	SOMATIC	0	0.070668815	0.123414072	0.359389407
15	90347118	WILDTYPE	0	0.001042427	0.001240592	0.001111556
15	98818617	SOMATIC	0	0.226599958	0.091901361	0.000739098
15	98864731	SOMATIC	0	0.604249787	0.417782808	0.996759154
16	775813	SOMATIC	0	0.977000398	0.70967097	0.999005785
16	3283716	SOMATIC	0	0.118657111	0.062248662	0.000570125
16	6059533	SOMATIC	0	0.4326888	0.455342466	0.513432836
16	64214991	SOMATIC	0	0.43413856	0.601928833	0.44566607
16	67698969	WILDTYPE	0	0.000421941	9.71566E-05	0.002171915
17	1554124	SOMATIC	0	0.154076336	0.683136809	0.004071138
17	6153515	SOMATIC	0	0.108804263	0.174973675	0.949526668
17	7576897	SOMATIC	0	0.998211269	0.998091715	0.998893091
17	26851545	SOMATIC	0	0.998499625	0.998754952	0.998264233
17	38652607	WILDTYPE	0	0.000752502	0.195811365	0.841954681
17	55596638	WILDTYPE	0	0	9.85464E-05	0.000404667
18	35515066	SOMATIC	0	0.496685815	0.503949045	0.509103401
18	55021734	SOMATIC	0	0.53458498	0.523732192	0.515909333
18	69991369	WILDTYPE	0	0	0.000479578	0.000673129
19	1119929	SOMATIC	0	0.465354081	0.566413383	0.395270605
19	4033507	SOMATIC	0	0.4	0.41670334	0.481481481
19	19459707	SOMATIC	0	0.434634744	0.497506423	0.488080484
19	31962121	SOMATIC	0	0.6108588	0.525279225	0.50427528
19	37858870	SOMATIC	0	0.406332288	0.45841224	0.495277047
19	51485601	SOMATIC	0	0.516928102	0.299075798	0.423949365
19	54968069	SOMATIC	0	0.427893738	0.51631242	0.50089537
2	12789692	WILDTYPE	0	0.000877261	0.002272297	0.881149441
2	28791757	SOMATIC	0	0.062604985	0.0798345	0.35944842
2	30143399	SOMATIC	0	0.175395312	0.272526126	0.008209627
2	37229508	SOMATIC	0	0.456292124	0.432216786	0.532948768
2	45941842	SOMATIC	0	0.237897436	0.20883842	0.412683121
2	54570864	SOMATIC	0	0.760086945	0.788643809	0.747389923
2	84931243	SOMATIC	0	0.393253771	0.198108747	0.446971403
2	97582958	SOMATIC	0	0.379246285	0.205838448	0.545666085
2	116269918	SOMATIC	0	0.590163934	0.390243902	0.690607735
2	131799024	WILDTYPE	0	0.000461568	0.000591628	0.404579631
2	152424933	WILDTYPE	0	0.000664378	0.000902256	0.000849815
2	162688700	WILDTYPE	0	0.000452754	0.000244285	0.714662447
2	187559053	WILDTYPE	0	0.004145151	0.003925007	0.004081345
2	210594921	SOMATIC	0	0.999687249	0.999091027	0.998569715
2	214486670	SOMATIC	0	0.999140759	0.999322329	0.999195365
2	231379852	WILDTYPE	0	0.00096821	0.001393081	0.000889548
2	242741301	SOMATIC	0	0.946177755	0.422406688	0.997547225
20	3209183	SOMATIC	0	0.1743183	0.564927979	0.00103936
20	11639405	WILDTYPE	0	0.000917039	0.001021004	0.789826903
20	19953277	SOMATIC	0	0.996796738	0.99960081	0.999323058
20	32746910	SOMATIC	0	0.082362082	0.120412371	0.472293265
20	49487061	SOMATIC	0	0.191719939	0.229349415	0.925364543
20	59270170	SOMATIC	0	0.057410434	0.103961951	0.325760857
20	61957466	SOMATIC	0	0.375282167	0.604016005	0.524470115
21	43645837	SOMATIC	0	0.99888	0.997912898	0.998688716
21	45413779	SOMATIC	0	0.721053855	0.276184055	0.920523276
22	19710966	SOMATIC	0	0.464512803	0.397653789	0.47420738
22	38071713	SOMATIC	0	0.516983305	0.490186409	0.45749918
22	45283999	SOMATIC	0	0.429054054	0.624542912	0.47403599
3	17768519	SOMATIC	0	0.111218161	0.146850419	0.457861065
3	49847839	WILDTYPE	0	0.000316795	0.0004867	0.867640848
3	49847840	WILDTYPE	0	0.000668802	0.000553989	0.868543907
3	54008933	WILDTYPE	0	0.000994687	0.000443918	0.864458539
3	123987727	SOMATIC	0	0.322447007	0.1227155	0.370040758
3	138223058	SOMATIC	0	0.714097062	0.690046296	0.721838286
3	148872896	SOMATIC	0	0.132132132	0.017639077	0.010695187
3	185238946	WILDTYPE	0	0.000583073	0.000784591	0.719489298
4	26526103	WILDTYPE	0	0.000628161	0.000642178	0.680977126
4	44939148	SOMATIC	0	0.332862097	0.205752523	0.936244001
4	73935291	SOMATIC	0	0.400595299	0.415597773	0.479429512
4	91375841	SOMATIC	0	0.089695749	0.103679213	0.443066895
4	102470176	SOMATIC	0	0.056408557	0.060819239	0.41396949
4	137852235	SOMATIC	0	0.076255128	0.113764273	0.288728756
4	153690908	SOMATIC	0	0.997513321	0.999547081	0.999439462
4	169182097	SOMATIC	0	0.999540441	0.999758629	0.998756606
4	187838926	WILDTYPE	0	0.000858664	0.111804987	0.793322382
5	9570250	SOMATIC	0	0.488763712	0.576903681	0.471457627
5	15310341	SOMATIC	0	0.407573529	0.443692417	0.515488215
5	20445228	SOMATIC	0	0.499266401	0.495786147	0.561572052
5	58033578	WILDTYPE	0	0.000417885	0.001023289	0.795448323
5	127728855	SOMATIC	0	0.152987449	0.108466882	0.319484073
5	135388634	SOMATIC	0	0.437909301	0.242513874	0.522641271
5	140431090	WILDTYPE	0	0.000354918	0.000668243	0.410028176
5	156642298	SOMATIC	0	0.568388293	0.375510204	0.891943563
5	169143220	WILDTYPE	0	0.0002958	0.000733847	0.000611787
6	1102387	SOMATIC	0	0.276405754	0.428748934	0.206255511
6	3248228	SOMATIC	0	0.293866096	0.214285714	0.314861702
6	11213615	SOMATIC	0	0.71688836	0.633398209	0.743691404
6	24547529	SOMATIC	0	0.607624182	0.546643741	0.606060606
6	24667074	WILDTYPE	0	0.000166917	0.00078534	0.000613685
6	31124800	WILDTYPE	0	0.005109282	0.008161933	0.005743558
6	32549416	GERMLINE	0	0.384719101	0.367754319	0.366666667
6	34950925	SOMATIC	0	0.072169168	0.260970874	0.004459016
6	43410792	SOMATIC	0	0.447235951	0.51035459	0.521164628
6	79509700	SOMATIC	0	0.216847066	0.173858662	0.300711744
6	111211499	SOMATIC	0	0.241811175	0.161363636	0.435128983
7	4296130	SOMATIC	0	0.584592899	0.403671598	0.845785604
7	4763620	WILDTYPE	0	0.003873335	0.001508357	0.010526316
7	29976211	SOMATIC	0	0.438544425	0.290788472	0.529634344
7	38471807	WILDTYPE	0	0.002326408	0.0011107	0.406063732
7	47819651	SOMATIC	0	0.547351525	0.522712934	0.552014652
7	51204012	SOMATIC	0	0.490725126	0.534833464	0.476727599
7	63755160	SOMATIC	0	0.162876898	0.105430508	0.352694129
7	65601792	SOMATIC	0	0.549878345	0.348728507	0.441135281
7	80054858	SOMATIC	0	0.071270161	0.148805537	0.388854279
7	82545108	SOMATIC	0	0.443235537	0.458018868	0.529443239
7	121096062	SOMATIC	0	0.059143132	0.102044044	0.499250132
7	128487898	WILDTYPE	0	0.002624294	0.016390449	0.010733739
7	141223355	SOMATIC	0	0.163600828	0.173788304	0.132592191
8	371036	SOMATIC	0	0.287458818	0.376400259	0.829956879
8	442404	SOMATIC	0	0.526843797	0.516987336	0.095116454
8	1975748	SOMATIC	0	0.384840287	0.203233041	0.924458182
8	2557388	SOMATIC	0	0.414064819	0.477084085	0.858667613
8	2745345	SOMATIC	0	0.498638344	0.514273706	0.07406662
8	16620057	WILDTYPE	0	0.001577287	0.002518892	0.013186813
8	24429322	SOMATIC	0	0.245909612	0.06030488	0.085105571
8	29332085	SOMATIC	0	0.533421421	0.553708815	0.926926709
8	40962969	SOMATIC	0	0.431991788	0.424440443	0.036575129
8	53791614	SOMATIC	0	0.422222222	0.326388889	0.976744186
8	95470606	WILDTYPE	0	5.40161E-05	0.002182498	0.869193456
8	133498655	WILDTYPE	0	0.000629822	7.11896E-05	0
8	135303945	SOMATIC	0	0.364536454	0.400039355	0.571752327
8	141810564	WILDTYPE	0	0	0	0.000829531
8	143714924	SOMATIC	0	0.324250389	0.258079324	0.010576558
8	144522222	WILDTYPE	0	0.002808989	0.00148368	0.001627339
9	1576946	SOMATIC	0	0.433187028	0.506335054	0.454225352
9	14775852	WILDTYPE	0	0.001027603	0.000603222	0.421501133
9	16917400	SOMATIC	0	0.7	0.551470588	0.552631579
9	35609023	SOMATIC	0	0.525998771	0.48135453	0.468812067
9	120700669	SOMATIC	0	0.522722987	0.473972522	0.457809304
9	127990318	SOMATIC	0	0.553690901	0.556340001	0.479184367
X	2408374	SOMATIC	0	0.476952818	0.57157336	0.892268513
X	89177381	WILDTYPE	0	0.000223121	0.000335883	0.073220496
X	107378732	SOMATIC	0	0.457071644	0.526919164	0.106477167
X	138867418	SOMATIC	0	0.521491603	0.729475459	0.074486549
X	154436740	SOMATIC	0	0.319547836	0.155356381	0.079795158